"date","Hospital_Intake_Proven","Hospital_Intake_Suspected","IC_Intake_Proven","IC_Intake_Suspected","IC_Current","ICs_Used","IC_Cumulative","Hospital_Currently","IC_Deaths_Cumulative","IC_Discharge_Cumulative","IC_Discharge_InHospital","Hospital_Cumulative","Hospital_Intake","IC_Intake","Hosp_Intake_Suspec_Cumul","IC_Intake_Suspected_Cumul","IC_Intake_Proven_Cumsum"
2020-02-27,2,2,1,0,13,9,13,61,0,0,0,64,4,1,2,0,1
2020-02-28,4,0,0,1,14,10,14,65,0,0,0,68,4,1,2,1,1
2020-02-29,1,0,1,0,15,10,15,65,0,0,0,69,1,1,2,1,2
2020-03-01,7,1,2,0,17,11,17,72,0,0,1,76,8,2,3,1,4
2020-03-02,10,1,0,0,16,10,17,83,0,0,1,87,11,0,4,1,4
2020-03-03,8,0,2,0,18,10,19,90,0,0,1,95,8,2,4,1,6
2020-03-04,10,3,3,0,21,12,22,102,0,2,1,108,13,3,7,1,9
2020-03-05,11,1,1,1,21,14,24,111,0,2,1,119,12,2,8,2,10
2020-03-06,21,1,4,0,24,17,28,129,0,2,2,138,22,4,9,2,14
2020-03-07,7,3,3,0,26,17,31,137,0,3,1,146,10,3,12,2,17
2020-03-08,18,5,5,0,32,21,36,156,2,3,1,167,23,5,17,2,22
2020-03-09,27,5,6,2,38,22,44,181,2,3,1,197,32,8,22,4,28
2020-03-10,28,4,10,1,47,25,55,204,2,3,2,226,32,11,26,5,38
2020-03-11,44,5,9,0,54,26,64,240,4,3,2,269,49,9,31,5,47
2020-03-12,54,4,23,0,74,32,87,283,5,3,2,320,58,23,35,5,70
2020-03-13,76,4,13,0,84,35,100,352,5,4,2,398,80,13,39,5,83
2020-03-14,61,3,21,0,103,44,121,391,5,7,5,452,64,21,42,5,104
2020-03-15,69,8,28,1,126,51,150,439,7,7,6,523,77,29,50,6,132
2020-03-16,142,19,33,0,156,57,183,572,12,8,6,677,161,33,69,6,165
2020-03-17,145,12,35,0,184,60,218,656,14,8,9,816,157,35,81,6,200
2020-03-18,177,14,56,0,235,65,274,784,17,12,10,993,191,56,95,6,256
2020-03-19,261,24,66,2,295,70,342,993,25,12,12,1261,285,68,119,8,322
2020-03-20,240,25,83,1,366,71,425,1166,30,14,17,1505,265,84,144,9,405
2020-03-21,204,13,80,3,436,71,509,1245,41,16,27,1686,217,83,157,12,485
2020-03-22,236,18,74,1,487,71,584,1347,47,18,30,1909,254,75,175,13,559
2020-03-23,454,23,97,3,578,71,685,1674,64,21,42,2345,477,100,198,16,656
2020-03-24,428,25,111,1,657,73,797,1927,74,25,47,2754,453,112,223,17,767
2020-03-25,442,22,120,2,757,74,918,2145,85,31,54,3168,464,122,245,19,887
2020-03-26,444,32,111,4,844,74,1033,2342,103,41,57,3593,476,115,277,23,998
2020-03-27,562,34,114,1,928,74,1150,2602,117,47,74,4130,596,115,311,24,1112
2020-03-28,303,23,102,2,992,74,1254,2541,135,51,90,4404,326,104,334,26,1214
2020-03-29,258,17,91,2,1041,74,1347,2494,160,61,103,4630,275,93,351,28,1305
2020-03-30,442,29,127,2,1125,74,1476,2640,180,69,122,5030,471,129,380,30,1432
2020-03-31,310,39,111,1,1191,74,1588,2567,213,86,132,5319,349,112,419,31,1543
2020-04-01,316,36,75,2,1207,75,1664,2471,237,104,142,5624,352,77,455,33,1618
2020-04-02,350,37,96,2,1250,75,1762,2448,259,119,153,5954,387,98,492,35,1714
2020-04-03,340,50,77,0,1277,75,1839,2454,290,140,161,6303,390,77,542,35,1791
2020-04-04,187,24,64,3,1283,74,1906,2243,309,154,177,6468,211,67,566,38,1855
2020-04-05,230,21,75,3,1310,75,1985,2194,333,163,197,6666,251,78,587,41,1930
2020-04-06,328,51,61,1,1317,75,2047,2314,353,187,210,7004,379,62,638,42,1991
2020-04-07,204,51,60,2,1319,76,2109,2173,382,211,240,7220,255,62,689,44,2051
2020-04-08,209,32,58,0,1288,76,2167,2034,399,236,251,7421,241,58,721,44,2109
2020-04-09,188,35,52,1,1285,76,2220,1858,411,263,257,7606,223,53,756,45,2161
2020-04-10,205,38,49,1,1293,75,2271,1769,439,290,264,7816,243,50,794,46,2210
2020-04-11,133,20,28,2,1261,75,2301,1582,454,311,283,7947,153,30,814,48,2238
2020-04-12,137,32,33,1,1242,75,2335,1526,469,329,311,8098,169,34,846,49,2271
2020-04-13,167,31,45,1,1226,75,2380,1518,490,344,335,8262,198,46,877,50,2316
2020-04-14,162,33,35,2,1203,76,2417,1530,502,394,328,8431,195,37,910,52,2351
2020-04-15,119,16,24,1,1178,76,2442,1443,518,448,327,8548,135,25,926,53,2375
2020-04-16,117,22,28,2,1145,76,2472,1333,537,499,311,8665,139,30,948,55,2403
2020-04-17,139,24,25,1,1114,77,2498,1291,555,547,309,8803,163,26,972,56,2428
2020-04-18,80,15,19,0,1069,76,2517,1150,566,570,326,8876,95,19,987,56,2447
2020-04-19,83,15,20,1,1039,76,2537,1125,585,576,350,8956,98,21,1002,57,2467
2020-04-20,111,21,26,1,1018,76,2564,1163,604,629,337,9060,132,27,1023,58,2493
2020-04-21,118,25,23,0,982,76,2587,1116,623,682,336,9174,143,23,1048,58,2516
2020-04-22,91,21,15,0,924,77,2602,1036,640,728,332,9272,112,15,1069,58,2531
2020-04-23,95,35,16,0,882,77,2618,994,652,775,310,9385,130,16,1104,58,2547
2020-04-24,78,24,18,1,865,76,2637,937,664,840,275,9470,102,19,1128,59,2565
2020-04-25,42,20,14,0,834,76,2651,808,679,856,284,9524,62,14,1148,59,2579
2020-04-26,43,23,13,0,806,76,2664,779,689,866,297,9579,66,13,1171,59,2592
2020-04-27,60,17,14,0,785,76,2678,764,700,875,314,9645,77,14,1188,59,2606
2020-04-28,91,25,14,1,764,76,2694,781,706,926,298,9741,116,15,1213,60,2620
2020-04-29,60,18,12,0,736,76,2706,722,712,963,297,9802,78,12,1231,60,2632
2020-04-30,63,18,17,2,713,76,2725,697,725,1005,283,9871,81,19,1249,62,2649
2020-05-01,52,8,9,0,678,76,2734,643,727,1044,287,9920,60,9,1257,62,2658
2020-05-02,27,12,9,2,641,76,2745,560,736,1059,287,9953,39,11,1269,64,2667
2020-05-03,37,9,11,0,627,76,2756,544,741,1066,302,9989,46,11,1278,64,2678
2020-05-04,59,24,11,2,617,76,2768,593,747,1109,296,10059,83,13,1302,66,2689
2020-05-05,28,7,3,0,575,76,2771,526,752,1124,309,10090,35,3,1309,66,2692
2020-05-06,59,15,7,0,549,73,2778,540,758,1161,301,10155,74,7,1324,66,2699
2020-05-07,46,13,9,1,527,72,2788,514,766,1201,294,10202,59,10,1337,67,2708
2020-05-08,56,25,7,1,496,72,2796,513,771,1238,279,10276,81,8,1362,68,2715
2020-05-09,30,5,5,0,474,72,2801,465,776,1246,288,10307,35,5,1367,68,2720
2020-05-10,25,12,4,0,455,72,2805,447,777,1249,297,10337,37,4,1379,68,2724
2020-05-11,44,19,7,1,449,73,2813,476,784,1290,292,10395,63,8,1398,69,2731
2020-05-12,27,20,2,0,407,71,2815,447,787,1332,268,10437,47,2,1418,69,2733
2020-05-13,37,19,3,1,391,71,2819,422,792,1367,266,10487,56,4,1437,70,2736
2020-05-14,26,13,8,1,365,71,2828,388,796,1394,252,10517,39,9,1450,71,2744
2020-05-15,31,13,3,1,349,71,2832,367,803,1430,229,10556,44,4,1463,72,2747
2020-05-16,18,4,7,1,334,70,2840,324,805,1439,229,10574,22,8,1467,73,2754
2020-05-17,30,10,4,0,327,70,2844,338,806,1443,233,10609,40,4,1477,73,2758
2020-05-18,36,12,4,0,322,70,2848,370,807,1476,235,10651,48,4,1489,73,2762
2020-05-19,17,10,1,1,289,67,2850,346,809,1508,214,10676,27,2,1499,74,2763
2020-05-20,31,13,2,0,278,66,2852,332,815,1537,201,10714,44,2,1512,74,2765
2020-05-21,14,5,2,0,257,66,2854,298,819,1542,207,10728,19,2,1517,74,2767
2020-05-22,32,17,4,0,246,65,2858,328,822,1575,190,10771,49,4,1534,74,2771
2020-05-23,14,8,4,0,231,64,2862,292,823,1578,194,10790,22,4,1542,74,2775
2020-05-24,18,15,7,0,230,64,2869,284,824,1578,204,10814,33,7,1557,74,2782
2020-05-25,35,21,1,0,220,63,2870,319,825,1601,208,10865,56,1,1578,74,2783
2020-05-26,25,10,4,0,197,64,2874,313,829,1622,199,10897,35,4,1588,74,2787
2020-05-27,16,10,3,1,183,60,2878,283,830,1645,184,10919,26,4,1598,75,2790
2020-05-28,16,8,1,0,175,59,2879,262,832,1675,165,10938,24,1,1606,75,2791
2020-05-29,24,12,1,2,165,58,2882,264,835,1696,152,10969,36,3,1618,77,2792
2020-05-30,19,5,3,0,156,57,2885,247,835,1703,146,10990,24,3,1623,77,2795
2020-05-31,12,7,3,0,158,57,2888,242,835,1703,153,11008,19,3,1630,77,2798
2020-06-01,15,6,5,0,156,58,2893,246,838,1703,156,11025,21,5,1636,77,2803
2020-06-02,24,17,1,0,151,58,2894,268,839,1727,150,11061,41,1,1653,77,2804
2020-06-03,19,9,5,0,137,55,2899,260,844,1748,133,11080,28,5,1662,77,2809
2020-06-04,14,16,5,1,135,56,2905,245,847,1768,116,11101,30,6,1678,78,2814
2020-06-05,9,12,3,0,132,54,2908,228,847,1779,108,11119,21,3,1690,78,2817
2020-06-06,4,5,2,0,130,54,2910,194,848,1781,109,11126,9,2,1695,78,2819
2020-06-07,5,11,3,0,129,54,2913,194,848,1783,109,11140,16,3,1706,78,2822
2020-06-08,11,6,0,0,127,54,2913,194,848,1800,101,11157,17,0,1712,78,2822
2020-06-09,9,8,2,0,120,53,2915,174,849,1813,93,11172,17,2,1720,78,2824
2020-06-10,5,6,2,0,117,53,2917,158,850,1825,84,11181,11,2,1726,78,2826
2020-06-11,14,10,1,0,113,53,2918,162,850,1837,77,11201,24,1,1736,78,2827
2020-06-12,8,3,3,0,110,51,2921,153,851,1847,71,11211,11,3,1739,78,2830
2020-06-13,4,4,2,0,108,49,2923,134,852,1847,71,11217,8,2,1743,78,2832
2020-06-14,3,5,0,0,107,48,2923,133,854,1849,69,11225,8,0,1748,78,2832
2020-06-15,5,4,1,0,106,48,2924,136,855,1867,61,11233,9,1,1752,78,2833
2020-06-16,8,7,2,0,97,47,2926,136,858,1872,61,11247,15,2,1759,78,2835
2020-06-17,7,6,0,0,88,44,2926,128,860,1879,59,11258,13,0,1765,78,2835
2020-06-18,4,10,1,0,81,43,2927,129,861,1886,60,11271,14,1,1775,78,2836
2020-06-19,4,6,0,0,74,43,2927,125,862,1894,52,11280,10,0,1781,78,2836
2020-06-20,4,4,2,0,74,43,2929,106,863,1895,55,11285,8,2,1785,78,2838
2020-06-21,5,7,0,0,70,41,2929,107,864,1895,55,11296,12,0,1792,78,2838
2020-06-22,7,6,3,0,72,43,2932,110,865,1899,58,11308,13,3,1798,78,2841
2020-06-23,6,9,1,0,65,40,2933,111,866,1906,55,11318,15,1,1807,78,2842
2020-06-24,5,11,1,0,61,39,2934,110,867,1912,50,11333,16,1,1818,78,2843
2020-06-25,9,7,0,1,60,37,2935,117,867,1918,50,11347,16,1,1825,79,2843
2020-06-26,2,6,0,0,54,34,2935,113,868,1922,50,11353,8,0,1831,79,2843
2020-06-27,2,2,0,0,49,32,2935,92,869,1922,53,11357,4,0,1833,79,2843
2020-06-28,5,3,0,0,45,31,2935,96,869,1922,53,11365,8,0,1836,79,2843
2020-06-29,8,5,0,0,45,31,2935,105,869,1927,50,11375,13,0,1841,79,2843
2020-06-30,3,5,2,0,45,31,2937,91,869,1934,46,11380,8,2,1846,79,2845
2020-07-01,4,5,0,0,41,28,2937,89,869,1939,42,11389,9,0,1851,79,2845
2020-07-02,4,2,2,1,43,31,2940,82,870,1943,40,11392,6,3,1853,80,2847
2020-07-03,6,4,0,0,40,30,2940,82,870,1953,30,11400,10,0,1857,80,2847
2020-07-04,0,3,1,0,41,30,2941,72,870,1953,32,11402,3,1,1860,80,2848
2020-07-05,2,6,0,0,39,28,2941,75,870,1954,32,11408,8,0,1866,80,2848
2020-07-06,2,4,0,0,38,27,2941,79,871,1959,29,11414,6,0,1870,80,2848
2020-07-07,4,4,1,0,36,26,2942,81,872,1961,29,11421,8,1,1874,80,2849
2020-07-08,4,3,2,0,33,26,2944,79,872,1966,25,11427,7,2,1877,80,2851
2020-07-09,6,5,1,0,33,25,2945,79,872,1970,21,11435,11,1,1882,80,2852
2020-07-10,7,6,1,0,34,25,2946,89,872,1970,22,11446,13,1,1888,80,2853
2020-07-11,2,2,0,0,32,23,2946,81,872,1970,22,11449,4,0,1890,80,2853
2020-07-12,3,3,1,0,33,23,2947,81,873,1972,21,11452,6,1,1893,80,2854
2020-07-13,5,4,0,0,32,23,2947,88,874,1973,22,11461,9,0,1897,80,2854
2020-07-14,6,4,0,0,29,23,2947,89,874,1974,22,11470,10,0,1901,80,2854
2020-07-15,2,4,1,0,29,23,2948,82,874,1976,22,11475,6,1,1905,80,2855
2020-07-16,2,6,1,0,28,23,2949,78,874,1981,17,11482,8,1,1911,80,2856
2020-07-17,6,1,0,0,28,22,2949,76,874,1981,18,11488,7,0,1912,80,2856
2020-07-18,6,7,0,0,27,22,2949,83,874,1981,18,11501,13,0,1919,80,2856
2020-07-19,7,1,1,0,28,22,2950,86,874,1981,19,11509,8,1,1920,80,2857
2020-07-20,4,4,0,1,28,23,2951,89,875,1986,15,11516,8,1,1924,81,2857
2020-07-21,6,6,2,2,30,24,2954,89,875,1988,16,11526,12,4,1930,83,2859
2020-07-22,4,1,1,0,30,23,2955,78,876,1992,14,11530,5,1,1931,83,2860
2020-07-23,10,6,1,0,27,21,2956,85,876,1994,14,11544,16,1,1937,83,2861
2020-07-24,10,0,1,0,25,19,2957,82,876,1998,14,11553,10,1,1937,83,2862
2020-07-25,10,3,1,0,22,19,2958,85,876,1999,15,11565,13,1,1940,83,2863
2020-07-26,4,2,3,0,23,20,2961,87,876,1999,15,11569,6,3,1942,83,2866
2020-07-27,6,5,3,0,26,21,2964,95,876,2001,13,11579,11,3,1947,83,2869
2020-07-28,10,2,0,0,26,21,2964,98,876,2002,12,11591,12,0,1949,83,2869
2020-07-29,4,0,0,0,25,21,2964,89,877,2004,12,11594,4,0,1949,83,2869
2020-07-30,15,3,3,0,27,22,2967,93,877,2006,10,11611,18,3,1952,83,2872
2020-07-31,11,1,4,0,30,24,2971,97,879,2006,9,11621,12,4,1953,83,2876
2020-08-01,8,3,2,0,31,24,2973,98,879,2007,9,11631,11,2,1956,83,2878
2020-08-02,11,2,2,0,32,24,2975,108,879,2007,9,11643,13,2,1958,83,2880
2020-08-03,15,3,3,0,35,24,2978,118,879,2007,10,11660,18,3,1961,83,2883
2020-08-04,8,3,3,0,37,26,2981,111,880,2008,11,11669,11,3,1964,83,2886
2020-08-05,8,3,2,0,36,25,2983,106,880,2011,8,11679,11,2,1967,83,2888
2020-08-06,11,2,3,0,39,27,2986,105,881,2012,7,11689,13,3,1969,83,2891
2020-08-07,14,2,1,0,39,27,2987,112,881,2013,6,11705,16,1,1971,83,2892
2020-08-08,18,1,1,0,40,28,2988,119,881,2013,7,11724,19,1,1972,83,2893
2020-08-09,19,4,5,1,45,32,2994,132,883,2014,10,11743,23,6,1976,84,2898
2020-08-10,15,4,4,0,43,32,2997,142,883,2015,10,11762,19,4,1980,84,2902
2020-08-11,27,7,3,1,46,32,3000,162,884,2016,12,11794,34,4,1987,85,2905
2020-08-12,20,1,4,0,46,30,3004,165,884,2017,17,11811,21,4,1988,85,2909
2020-08-13,19,5,4,0,43,30,3008,164,884,2017,18,11832,24,4,1993,85,2913
2020-08-14,12,3,6,0,48,32,3014,159,884,2018,20,11843,15,6,1996,85,2919
2020-08-15,15,3,1,0,46,32,3015,155,885,2018,22,11861,18,1,1999,85,2920
2020-08-16,17,4,4,0,47,33,3019,163,885,2019,21,11880,21,4,2003,85,2924
2020-08-17,19,8,7,1,55,37,3027,180,887,2022,22,11904,27,8,2011,86,2931
2020-08-18,11,1,2,0,51,37,3029,175,887,2026,21,11914,12,2,2012,86,2933
2020-08-19,17,2,3,0,50,36,3032,178,887,2032,19,11929,19,3,2014,86,2936
2020-08-20,24,2,6,0,52,39,3038,187,888,2035,15,11951,26,6,2016,86,2942
2020-08-21,18,9,5,0,55,38,3043,181,889,2038,15,11974,27,5,2025,86,2947
2020-08-22,10,4,0,0,51,36,3043,161,889,2038,17,11988,14,0,2029,86,2947
2020-08-23,14,2,5,0,53,38,3048,162,889,2039,17,12000,16,5,2031,86,2952
2020-08-24,11,4,2,0,53,39,3050,166,890,2040,23,12013,15,2,2035,86,2954
2020-08-25,19,3,3,0,48,34,3053,172,890,2041,24,12032,22,3,2038,86,2957
2020-08-26,12,6,0,0,46,34,3053,162,890,2047,21,12050,18,0,2044,86,2957
2020-08-27,7,1,2,1,46,33,3056,147,890,2051,21,12057,8,3,2045,87,2959
2020-08-28,12,2,2,0,44,34,3058,149,891,2056,17,12069,14,2,2047,87,2961
2020-08-29,2,2,3,0,44,33,3061,132,891,2057,16,12072,4,3,2049,87,2964
2020-08-30,10,2,3,0,49,36,3064,134,892,2057,17,12084,12,3,2051,87,2967
2020-08-31,16,3,1,0,48,35,3065,145,894,2060,17,12102,19,1,2054,87,2968
2020-09-01,14,1,2,0,44,36,3067,144,895,2062,17,12115,15,2,2055,87,2970
2020-09-02,17,9,2,0,43,35,3069,150,895,2064,17,12138,26,2,2064,87,2972
2020-09-03,12,3,3,0,44,33,3072,145,895,2067,14,12151,15,3,2067,87,2975
2020-09-04,17,5,4,0,48,35,3076,152,896,2068,17,12171,22,4,2072,87,2979
2020-09-05,18,3,1,0,44,34,3077,152,896,2068,18,12190,21,1,2075,87,2980
2020-09-06,23,6,4,0,48,35,3081,170,896,2068,19,12213,29,4,2081,87,2984
2020-09-07,29,5,3,0,49,35,3084,191,896,2069,21,12244,34,3,2086,87,2987
2020-09-08,23,5,3,0,48,32,3087,205,897,2069,24,12271,28,3,2091,87,2990
2020-09-09,34,10,4,0,49,32,3091,225,898,2071,23,12313,44,4,2101,87,2994
2020-09-10,18,4,5,0,52,32,3096,219,899,2073,21,12332,22,5,2105,87,2999
2020-09-11,42,3,6,0,57,34,3102,239,899,2075,21,12369,45,6,2108,87,3005
2020-09-12,20,1,6,0,61,36,3108,236,899,2076,22,12388,21,6,2109,87,3011
2020-09-13,25,5,4,0,63,37,3112,249,899,2076,22,12416,30,4,2114,87,3015
2020-09-14,52,8,10,1,74,39,3123,290,900,2079,23,12473,60,11,2122,88,3025
2020-09-15,40,3,4,0,74,39,3127,298,901,2083,24,12513,43,4,2125,88,3029
2020-09-16,48,8,1,0,69,40,3128,325,902,2084,26,12567,56,1,2133,88,3030
2020-09-17,55,8,4,0,69,41,3132,344,902,2089,24,12626,63,4,2141,88,3034
2020-09-18,80,2,7,0,73,40,3139,382,902,2091,24,12698,82,7,2143,88,3041
2020-09-19,60,5,14,0,86,45,3153,400,903,2093,23,12756,65,14,2148,88,3055
2020-09-20,51,2,13,0,97,47,3166,420,904,2093,26,12800,53,13,2150,88,3068
2020-09-21,81,3,13,0,106,49,3179,472,907,2096,23,12879,84,13,2153,88,3081
2020-09-22,71,3,10,0,113,52,3190,501,907,2099,24,12947,74,10,2156,88,3091
2020-09-23,96,6,13,0,122,54,3203,544,908,2104,23,13040,102,13,2162,88,3104
2020-09-24,106,7,11,0,129,57,3214,593,909,2106,24,13145,113,11,2169,88,3115
2020-09-25,92,6,18,0,143,58,3232,621,911,2110,24,13231,98,18,2175,88,3133
2020-09-26,79,2,13,0,148,60,3245,616,912,2111,29,13304,81,13,2177,88,3146
2020-09-27,82,4,17,1,159,60,3263,649,914,2111,36,13380,86,18,2181,89,3163
2020-09-28,112,3,15,0,166,61,3278,704,916,2115,43,13485,115,15,2184,89,3178
2020-09-29,100,6,22,1,176,63,3301,741,918,2118,51,13578,106,23,2190,90,3200
2020-09-30,113,2,15,2,179,63,3317,759,921,2121,55,13685,115,17,2192,92,3215
2020-10-01,111,13,13,1,184,65,3330,788,925,2129,55,13802,124,14,2205,93,3228
2020-10-02,122,4,14,0,184,64,3344,810,925,2132,61,13916,126,14,2209,93,3242
2020-10-03,137,5,19,0,193,68,3363,831,927,2136,65,14046,142,19,2214,93,3261
2020-10-04,104,3,21,0,204,68,3384,871,932,2140,68,14145,107,21,2217,93,3282
2020-10-05,165,5,28,0,218,67,3412,975,935,2144,71,14303,170,28,2222,93,3310
2020-10-06,156,3,34,0,240,69,3446,1020,937,2156,74,14445,159,34,2225,93,3344
2020-10-07,147,5,29,1,253,69,3476,1043,941,2165,76,14585,152,30,2230,94,3373
2020-10-08,161,4,22,0,258,69,3498,1072,944,2172,77,14734,165,22,2234,94,3395
2020-10-09,209,6,28,0,274,70,3526,1147,955,2182,83,14928,215,28,2240,94,3423
2020-10-10,152,3,27,0,274,70,3553,1129,958,2192,82,15066,155,27,2243,94,3450
2020-10-11,159,3,19,0,280,68,3572,1187,965,2196,91,15220,162,19,2246,94,3469
2020-10-12,241,3,41,0,303,68,3613,1334,969,2206,91,15437,244,41,2249,94,3510
2020-10-13,247,6,36,0,322,72,3649,1431,972,2219,90,15667,253,36,2255,94,3546
2020-10-14,205,4,35,0,342,72,3684,1425,978,2226,96,15853,209,35,2259,94,3581
2020-10-15,219,7,36,3,361,72,3722,1453,980,2235,106,16050,226,39,2266,97,3617
2020-10-16,221,6,55,0,398,73,3777,1502,992,2255,107,16248,227,55,2272,97,3672
2020-10-17,214,3,30,0,392,74,3807,1493,998,2261,111,16442,217,30,2275,97,3702
2020-10-18,188,5,41,0,415,74,3848,1527,1003,2266,121,16607,193,41,2280,97,3743
2020-10-19,283,12,58,1,453,76,3908,1679,1008,2277,129,16864,295,59,2292,98,3801
2020-10-20,243,14,49,1,479,74,3958,1738,1016,2295,131,17085,257,50,2306,99,3850
2020-10-21,273,3,49,0,495,75,4007,1771,1026,2308,139,17332,276,49,2309,99,3899
2020-10-22,281,4,43,0,508,75,4050,1843,1034,2329,148,17590,285,43,2313,99,3942
2020-10-23,310,10,53,0,522,75,4103,1924,1053,2347,144,17879,320,53,2323,99,3995
2020-10-24,208,7,38,1,528,75,4142,1854,1060,2358,159,18067,215,39,2330,100,4033
2020-10-25,252,7,47,0,544,74,4189,1926,1076,2368,166,18293,259,47,2337,100,4080
2020-10-26,341,3,59,0,570,76,4248,2087,1082,2386,182,18594,344,59,2340,100,4139
2020-10-27,292,3,49,0,581,77,4297,2095,1094,2412,176,18855,295,49,2343,100,4188
2020-10-28,276,7,51,0,599,76,4348,2073,1100,2433,187,19107,283,51,2350,100,4239
2020-10-29,273,9,46,1,610,76,4395,2044,1109,2452,190,19349,282,47,2359,101,4285
2020-10-30,290,12,42,0,617,75,4437,2064,1121,2475,194,19616,302,42,2371,101,4327
2020-10-31,201,6,48,0,625,76,4485,1985,1138,2484,200,19799,207,48,2377,101,4375
2020-11-01,220,3,43,0,634,77,4528,2007,1149,2492,215,19993,223,43,2380,101,4418
2020-11-02,385,12,59,0,660,77,4588,2216,1158,2518,219,20345,397,59,2392,101,4477
2020-11-03,239,5,31,1,656,77,4620,2163,1169,2545,215,20559,244,32,2397,102,4508
2020-11-04,246,5,39,0,661,76,4660,2096,1182,2575,210,20767,251,39,2402,102,4547
2020-11-05,242,4,35,0,653,76,4695,2025,1198,2607,200,20983,246,35,2406,102,4582
2020-11-06,241,9,35,0,650,76,4730,1950,1214,2633,206,21206,250,35,2415,102,4617
2020-11-07,153,9,39,0,642,76,4769,1800,1226,2642,221,21336,162,39,2424,102,4656
2020-11-08,160,2,44,0,646,76,4813,1780,1237,2652,240,21467,162,44,2426,102,4700
2020-11-09,296,6,41,0,647,77,4854,1925,1250,2686,228,21734,302,41,2432,102,4741
2020-11-10,226,7,37,0,651,77,4891,1862,1265,2714,226,21931,233,37,2439,102,4778
2020-11-11,235,4,36,0,646,77,4927,1816,1276,2743,220,22135,239,36,2443,102,4814
2020-11-12,206,9,41,0,651,77,4968,1765,1288,2770,211,22313,215,41,2452,102,4855
2020-11-13,246,6,31,0,653,77,4999,1746,1303,2809,210,22533,252,31,2458,102,4886
2020-11-14,141,3,22,1,621,77,5022,1611,1314,2816,223,22652,144,23,2461,103,4908
2020-11-15,146,9,34,0,624,76,5056,1606,1332,2825,238,22781,155,34,2470,103,4942
2020-11-16,255,16,36,0,620,76,5092,1753,1348,2851,237,23009,271,36,2486,103,4978
2020-11-17,201,10,29,0,607,76,5121,1724,1364,2883,233,23190,211,29,2496,103,5007
2020-11-18,194,6,31,0,591,76,5152,1666,1377,2909,230,23362,200,31,2502,103,5038
2020-11-19,192,12,39,0,593,76,5191,1605,1390,2939,227,23531,204,39,2514,103,5077
2020-11-20,171,5,28,1,584,76,5220,1516,1404,2969,219,23684,176,29,2519,104,5105
2020-11-21,141,2,21,0,570,76,5241,1418,1417,2976,227,23809,143,21,2521,104,5126
2020-11-22,167,7,25,0,565,76,5266,1452,1431,2982,230,23961,174,25,2528,104,5151
2020-11-23,220,8,26,0,567,76,5292,1582,1448,3012,224,24157,228,26,2536,104,5177
2020-11-24,155,13,34,0,561,76,5327,1535,1462,3041,218,24301,168,34,2549,104,5211
2020-11-25,163,4,41,1,568,77,5368,1465,1476,3068,211,24435,167,42,2553,105,5252
2020-11-26,192,7,30,0,563,76,5398,1471,1490,3089,209,24605,199,30,2560,105,5282
2020-11-27,181,10,17,0,545,75,5415,1462,1498,3121,197,24771,191,17,2570,105,5299
2020-11-28,101,3,21,0,539,75,5436,1362,1512,3129,207,24853,104,21,2573,105,5320
2020-11-29,119,2,18,0,524,75,5455,1367,1522,3133,223,24961,121,18,2575,105,5338
2020-11-30,173,5,24,2,521,75,5481,1452,1534,3161,220,25107,178,26,2580,107,5362
2020-12-01,153,1,30,0,514,75,5511,1406,1545,3183,218,25239,154,30,2581,107,5392
2020-12-02,169,4,30,0,515,75,5541,1369,1557,3207,222,25382,173,30,2585,107,5422
2020-12-03,187,3,30,0,503,75,5571,1377,1564,3224,220,25545,190,30,2588,107,5452
2020-12-04,207,10,33,0,513,76,5604,1410,1575,3257,205,25730,217,33,2598,107,5485
2020-12-05,146,5,25,0,507,76,5629,1362,1585,3261,212,25865,151,25,2603,107,5510
2020-12-06,141,5,28,0,512,76,5657,1403,1596,3267,220,25986,146,28,2608,107,5538
2020-12-07,221,8,21,0,508,75,5678,1513,1604,3291,218,26196,229,21,2616,107,5559
2020-12-08,180,8,40,0,518,75,5718,1498,1617,3319,213,26353,188,40,2624,107,5599
2020-12-09,183,6,31,0,510,76,5749,1481,1628,3347,204,26512,189,31,2630,107,5630
2020-12-10,200,7,33,1,516,76,5783,1478,1637,3368,210,26691,207,34,2637,108,5663
2020-12-11,258,11,36,0,512,76,5819,1550,1645,3390,203,26923,269,36,2648,108,5699
2020-12-12,156,3,22,0,509,75,5841,1523,1652,3398,204,27068,159,22,2651,108,5721
2020-12-13,180,8,42,0,534,75,5883,1576,1660,3400,215,27224,188,42,2659,108,5763
2020-12-14,279,9,24,1,539,75,5908,1748,1667,3430,211,27481,288,25,2668,109,5787
2020-12-15,221,3,44,1,551,76,5953,1743,1674,3449,212,27663,224,45,2671,110,5831
2020-12-16,247,6,36,0,562,76,5989,1770,1688,3476,194,27890,253,36,2677,110,5867
2020-12-17,256,11,48,0,587,76,6037,1814,1697,3501,191,28131,267,48,2688,110,5915
2020-12-18,287,4,38,1,594,77,6076,1868,1704,3525,192,28396,291,39,2692,111,5953
2020-12-19,183,6,43,0,605,77,6119,1772,1716,3529,211,28557,189,43,2698,111,5996
2020-12-20,191,4,55,0,627,77,6174,1786,1732,3537,221,28717,195,55,2702,111,6051
2020-12-21,346,3,32,0,624,76,6206,1983,1744,3568,210,29026,349,32,2705,111,6083
2020-12-22,279,6,43,0,632,76,6249,2001,1754,3597,201,29276,285,43,2711,111,6126
2020-12-23,293,7,48,0,649,77,6297,2027,1765,3622,207,29537,300,48,2718,111,6174
2020-12-24,302,11,49,1,655,78,6346,2046,1778,3656,203,29809,313,50,2729,112,6223
2020-12-25,232,5,36,0,648,78,6382,1944,1792,3662,211,30018,237,36,2734,112,6259
2020-12-26,238,5,42,0,661,78,6424,1984,1801,3668,225,30222,243,42,2739,112,6301
2020-12-27,269,3,44,0,676,78,6468,2074,1815,3674,240,30451,272,44,2742,112,6345
2020-12-28,449,5,68,0,711,78,6537,2357,1827,3700,244,30856,454,68,2747,112,6413
2020-12-29,250,3,61,0,731,78,6599,2336,1835,3725,246,31063,253,61,2750,112,6474
2020-12-30,263,9,45,1,740,78,6646,2295,1847,3754,239,31298,272,46,2759,113,6519
2020-12-31,265,5,39,1,741,77,6686,2216,1864,3775,251,31534,270,40,2764,114,6558
2021-01-01,213,3,40,0,728,77,6726,2053,1874,3789,262,31732,216,40,2767,114,6598
2021-01-02,233,2,40,0,733,77,6766,2103,1888,3797,280,31934,235,40,2769,114,6638
2021-01-03,230,7,45,0,736,77,6811,2127,1904,3808,297,32136,237,45,2776,114,6683
2021-01-04,332,5,58,0,754,77,6869,2252,1917,3834,317,32416,337,58,2781,114,6741
2021-01-05,284,6,54,0,750,78,6923,2218,1938,3875,312,32655,290,54,2787,114,6795
2021-01-06,244,8,46,0,738,78,6969,2162,1951,3916,296,32869,252,46,2795,114,6841
2021-01-07,241,7,38,0,736,78,7007,2105,1972,3953,285,33077,248,38,2802,114,6879
2021-01-08,243,7,45,0,734,78,7052,2042,1994,3993,276,33278,250,45,2809,114,6924
2021-01-09,162,2,31,0,714,78,7083,1867,2007,4005,286,33415,164,31,2811,114,6955
2021-01-10,189,3,31,0,710,77,7114,1877,2013,4015,297,33580,192,31,2814,114,6986
2021-01-11,276,8,38,1,723,78,7153,2010,2031,4049,285,33833,284,39,2822,115,7024
2021-01-12,211,8,45,0,729,78,7198,1945,2039,4093,265,34009,219,45,2830,115,7069
2021-01-13,239,6,36,0,730,77,7234,1888,2056,4126,266,34219,245,36,2836,115,7105
2021-01-14,207,8,34,1,713,78,7268,1826,2065,4163,262,34405,215,35,2844,116,7139
2021-01-15,218,9,37,0,706,78,7305,1808,2077,4194,263,34599,227,37,2853,116,7176
2021-01-16,163,3,27,0,688,77,7332,1680,2088,4202,273,34741,166,27,2856,116,7203
2021-01-17,150,6,38,0,696,77,7370,1635,2093,4209,294,34870,156,38,2862,116,7241
2021-01-18,247,9,41,0,706,77,7411,1761,2109,4245,284,35090,256,41,2871,116,7282
2021-01-19,217,6,34,1,700,77,7446,1748,2118,4282,280,35281,223,35,2877,117,7316
2021-01-20,188,4,33,0,692,76,7479,1673,2129,4315,268,35438,192,33,2881,117,7349
2021-01-21,230,9,39,0,696,76,7519,1674,2144,4349,263,35644,239,39,2890,117,7388
2021-01-22,209,7,35,0,688,76,7554,1653,2156,4389,256,35825,216,35,2897,117,7423
2021-01-23,158,4,33,0,677,77,7587,1576,2166,4402,260,35966,162,33,2901,117,7456
2021-01-24,153,1,26,0,675,77,7613,1586,2178,4406,278,36097,154,26,2902,117,7482
2021-01-25,210,6,54,1,698,77,7668,1681,2191,4445,268,36282,216,55,2908,118,7536
2021-01-26,175,8,34,0,689,77,7702,1635,2207,4475,278,36428,183,34,2916,118,7570
2021-01-27,183,6,28,0,663,78,7730,1573,2221,4500,277,36583,189,28,2922,118,7598
2021-01-28,204,3,43,1,665,77,7774,1531,2230,4526,276,36751,207,44,2925,119,7641
2021-01-29,218,6,27,0,660,78,7801,1542,2247,4555,278,36950,224,27,2931,119,7668
2021-01-30,132,4,31,0,646,78,7832,1472,2254,4567,278,37063,136,31,2935,119,7699
2021-01-31,149,6,35,2,663,78,7869,1507,2267,4572,288,37187,155,37,2941,121,7734
2021-02-01,233,6,29,1,666,78,7899,1613,2279,4606,290,37383,239,30,2947,122,7763
2021-02-02,179,7,28,0,647,78,7927,1580,2295,4637,288,37545,186,28,2954,122,7791
2021-02-03,169,8,29,0,632,78,7957,1523,2305,4680,283,37698,177,29,2962,122,7820
2021-02-04,186,11,26,0,607,78,7983,1490,2314,4721,278,37866,197,26,2973,122,7846
2021-02-05,182,12,19,0,576,77,8002,1481,2329,4761,270,38043,194,19,2985,122,7865
2021-02-06,129,3,21,0,550,77,8023,1356,2342,4769,284,38156,132,21,2988,122,7886
2021-02-07,118,3,21,0,536,77,8044,1339,2350,4774,291,38253,121,21,2991,122,7907
2021-02-08,191,4,32,0,548,78,8076,1444,2352,4813,273,38418,195,32,2995,122,7939
2021-02-09,189,5,19,1,545,78,8096,1418,2364,4857,247,38597,194,20,3000,123,7958
2021-02-10,191,5,28,0,545,77,8124,1419,2374,4893,231,38760,196,28,3005,123,7986
2021-02-11,176,9,32,0,543,75,8156,1406,2382,4923,228,38914,185,32,3014,123,8018
2021-02-12,181,4,33,0,539,75,8189,1383,2391,4953,218,39070,185,33,3018,123,8051
2021-02-13,113,3,22,0,533,76,8211,1285,2398,4962,223,39172,116,22,3021,123,8073
2021-02-14,140,5,26,0,538,76,8237,1292,2409,4966,231,39294,145,26,3026,123,8099
2021-02-15,218,4,36,0,551,76,8273,1406,2416,5000,232,39488,222,36,3030,123,8135
2021-02-16,176,5,39,0,546,78,8312,1390,2423,5032,225,39641,181,39,3035,123,8174
2021-02-17,164,10,36,0,546,78,8348,1374,2430,5059,229,39781,174,36,3045,123,8210
2021-02-18,196,9,26,1,534,78,8375,1382,2436,5082,230,39960,205,27,3054,124,8236
2021-02-19,159,5,32,0,537,77,8407,1361,2444,5117,219,40104,164,32,3059,124,8268
2021-02-20,126,3,40,0,543,77,8447,1265,2452,5125,224,40205,129,40,3062,124,8308
2021-02-21,126,7,36,0,558,77,8483,1264,2455,5130,236,40308,133,36,3069,124,8344
2021-02-22,212,9,32,0,570,77,8515,1375,2465,5157,240,40499,221,32,3078,124,8376
2021-02-23,163,6,26,0,557,77,8541,1364,2470,5180,245,40639,169,26,3084,124,8402
2021-02-24,176,8,29,1,553,77,8571,1347,2480,5213,235,40796,184,30,3092,125,8431
2021-02-25,154,7,47,0,564,78,8618,1308,2488,5236,249,40919,161,47,3099,125,8478
2021-02-26,193,8,29,0,549,77,8647,1296,2496,5261,255,41084,201,29,3107,125,8507
2021-02-27,133,3,20,0,530,77,8668,1239,2500,5274,260,41202,136,20,3110,125,8527
2021-02-28,147,9,42,0,549,77,8710,1255,2506,5278,272,41324,156,42,3119,125,8569
2021-03-01,231,8,50,1,580,78,8761,1379,2515,5314,271,41519,239,51,3127,126,8619
2021-03-02,169,7,39,0,574,78,8800,1360,2528,5356,261,41654,176,39,3134,126,8658
2021-03-03,149,6,34,0,563,78,8834,1312,2534,5390,250,41775,155,34,3140,126,8692
2021-03-04,171,5,42,0,576,78,8876,1293,2542,5422,251,41915,176,42,3145,126,8734
2021-03-05,172,9,36,0,570,78,8912,1278,2547,5460,243,42071,181,36,3154,126,8770
2021-03-06,115,9,38,0,579,78,8950,1195,2557,5472,251,42170,124,38,3163,126,8808
2021-03-07,150,5,33,0,580,76,8983,1216,2563,5482,252,42302,155,33,3168,126,8841
2021-03-08,220,9,42,0,604,77,9025,1329,2572,5509,258,42493,229,42,3177,126,8883
2021-03-09,184,8,35,0,595,78,9060,1330,2576,5547,247,42658,192,35,3185,126,8918
2021-03-10,182,11,43,0,606,78,9103,1301,2583,5575,251,42816,193,43,3196,126,8961
2021-03-11,190,4,42,0,607,78,9145,1291,2593,5602,253,42971,194,42,3200,126,9003
2021-03-12,188,7,31,0,597,78,9176,1296,2606,5636,253,43138,195,31,3207,126,9034
2021-03-13,162,8,34,0,583,78,9210,1259,2612,5645,270,43285,170,34,3215,126,9068
2021-03-14,155,6,41,0,588,78,9251,1285,2620,5650,288,43416,161,41,3221,126,9109
2021-03-15,222,3,45,0,603,78,9296,1405,2628,5690,274,43605,225,45,3224,126,9154
2021-03-16,209,4,45,0,613,78,9341,1409,2640,5727,280,43784,213,45,3228,126,9199
2021-03-17,192,9,38,0,595,78,9379,1396,2653,5759,282,43947,201,38,3237,126,9237
2021-03-18,231,8,54,0,602,77,9433,1438,2663,5790,277,44147,239,54,3245,126,9291
2021-03-19,223,3,48,0,614,77,9481,1449,2672,5834,253,44342,226,48,3248,126,9339
2021-03-20,176,2,38,0,622,78,9519,1406,2682,5843,267,44480,178,38,3250,126,9377
2021-03-21,193,3,52,0,640,78,9571,1453,2687,5846,284,44637,196,52,3253,126,9429
2021-03-22,278,4,40,0,652,78,9611,1588,2696,5890,274,44880,282,40,3257,126,9469
2021-03-23,218,9,42,0,647,78,9653,1554,2705,5931,263,45080,227,42,3266,126,9511
2021-03-24,237,7,37,0,645,78,9691,1561,2711,5968,259,45292,244,37,3273,126,9548
2021-03-25,239,7,58,0,662,78,9750,1556,2723,6003,264,45490,246,58,3280,126,9606
2021-03-26,276,3,60,0,667,77,9810,1578,2733,6036,259,45717,279,60,3283,126,9666
2021-03-27,157,6,40,0,670,78,9850,1504,2738,6051,268,45849,163,40,3289,126,9706
2021-03-28,190,5,34,0,676,78,9885,1524,2745,6059,276,46011,195,34,3294,126,9740
2021-03-29,334,11,48,0,698,78,9933,1712,2755,6097,277,46313,345,48,3305,126,9788
2021-03-30,241,5,51,0,699,78,9984,1689,2768,6136,275,46509,246,51,3310,126,9839
2021-03-31,250,10,60,0,713,78,10044,1649,2780,6175,271,46713,260,60,3320,126,9899
2021-04-01,262,4,46,0,708,78,10090,1664,2791,6207,265,46936,266,46,3324,126,9945
2021-04-02,228,8,67,1,740,78,10159,1595,2800,6249,250,47116,236,68,3332,127,10012
2021-04-03,164,2,46,0,750,78,10205,1499,2813,6273,256,47246,166,46,3334,127,10058
2021-04-04,204,5,54,0,764,78,10260,1512,2817,6286,281,47412,209,54,3339,127,10112
2021-04-05,221,6,53,0,775,78,10313,1582,2825,6295,304,47603,227,53,3345,127,10165
2021-04-06,275,6,55,0,790,78,10368,1689,2838,6335,299,47855,281,55,3351,127,10220
2021-04-07,243,9,62,1,806,78,10431,1683,2850,6373,292,48061,252,63,3360,128,10282
2021-04-08,239,9,48,0,811,78,10479,1647,2865,6428,274,48267,248,48,3369,128,10330
2021-04-09,291,7,55,0,815,78,10534,1668,2879,6460,288,48527,298,55,3376,128,10385
2021-04-10,206,2,51,0,805,78,10586,1578,2891,6478,311,48703,208,51,3378,128,10436
2021-04-11,197,6,58,0,809,78,10644,1591,2906,6486,333,48868,203,58,3384,128,10494
2021-04-12,235,10,48,0,812,78,10693,1664,2922,6527,330,49068,245,48,3394,128,10542
2021-04-13,219,5,44,0,800,78,10737,1610,2935,6570,319,49254,224,44,3399,128,10586
2021-04-14,244,5,54,0,807,77,10791,1582,2950,6615,307,49462,249,54,3404,128,10640
2021-04-15,236,9,64,0,823,77,10855,1561,2968,6649,311,49666,245,64,3413,128,10704
2021-04-16,253,6,52,0,816,77,10908,1597,2980,6704,288,49892,259,52,3419,128,10756
2021-04-17,205,5,54,0,825,77,10962,1517,2993,6721,314,50057,210,54,3424,128,10810
2021-04-18,210,4,54,0,824,77,11016,1546,3001,6728,340,50225,214,54,3428,128,10864
2021-04-19,334,5,64,0,850,78,11080,1745,3016,6769,348,50515,339,64,3433,128,10928
2021-04-20,276,9,52,0,838,77,11132,1751,3027,6819,328,50756,285,52,3442,128,10980
2021-04-21,275,4,51,0,846,77,11183,1752,3040,6857,320,50992,279,51,3446,128,11031
2021-04-22,228,7,45,0,847,77,11228,1751,3053,6907,309,51190,235,45,3453,128,11076
2021-04-23,252,14,64,0,862,77,11292,1723,3071,6958,306,51402,266,64,3467,128,11140
2021-04-24,199,4,51,0,846,76,11343,1603,3080,6971,329,51569,203,51,3471,128,11191
2021-04-25,221,4,43,0,842,77,11386,1630,3090,6989,357,51754,225,43,3475,128,11234
2021-04-26,333,6,60,0,845,77,11446,1803,3100,7046,346,52043,339,60,3481,128,11294
2021-04-27,182,6,52,0,842,77,11498,1712,3111,7070,360,52188,188,52,3487,128,11346
2021-04-28,326,5,48,0,839,77,11547,1834,3127,7114,359,52480,331,48,3492,128,11394
2021-04-29,283,3,66,0,846,77,11613,1868,3139,7159,358,52709,286,66,3495,128,11460
2021-04-30,250,6,51,0,842,77,11664,1847,3155,7210,346,52920,256,51,3501,128,11511
2021-05-01,180,0,38,0,826,77,11702,1723,3167,7229,350,53069,180,38,3501,128,11549
2021-05-02,181,4,67,0,858,78,11769,1673,3190,7244,369,53207,185,67,3505,128,11616
2021-05-03,276,6,52,0,855,78,11821,1777,3203,7294,358,53448,282,52,3511,128,11668
2021-05-04,226,5,51,0,855,77,11872,1721,3218,7349,343,53639,231,51,3516,128,11719
2021-05-05,194,4,43,1,841,78,11917,1600,3236,7369,367,53798,198,44,3520,129,11762
2021-05-06,215,5,45,0,825,78,11962,1619,3250,7412,367,53972,220,45,3525,129,11807
2021-05-07,232,3,46,0,813,78,12008,1629,3263,7466,354,54167,235,46,3528,129,11853
2021-05-08,150,4,38,0,794,77,12046,1509,3279,7481,369,54291,154,38,3532,129,11891
2021-05-09,163,3,36,0,784,77,12082,1480,3292,7495,394,54424,166,36,3535,129,11927
2021-05-10,246,3,36,0,767,78,12118,1574,3306,7542,384,54640,249,36,3538,129,11963
2021-05-11,190,3,41,0,756,78,12159,1514,3314,7606,358,54794,193,41,3541,129,12004
2021-05-12,172,4,37,0,745,78,12197,1438,3326,7657,334,54943,176,37,3545,129,12041
2021-05-13,149,2,27,0,730,78,12224,1325,3331,7673,345,55071,151,27,3547,129,12068
2021-05-14,208,2,32,0,729,78,12256,1392,3347,7722,334,55249,210,32,3549,129,12100
2021-05-15,139,3,33,0,712,78,12289,1276,3358,7737,355,55363,142,33,3552,129,12133
2021-05-16,128,7,25,0,691,78,12314,1251,3365,7747,378,55475,135,25,3559,129,12158
2021-05-17,189,6,37,0,690,78,12351,1338,3378,7797,372,55636,195,37,3565,129,12195
2021-05-18,153,5,33,0,665,78,12384,1291,3391,7853,346,55763,158,33,3570,129,12228
2021-05-19,136,6,23,0,644,77,12407,1199,3398,7902,324,55877,142,23,3576,129,12251
2021-05-20,150,10,23,0,631,77,12430,1160,3412,7944,308,56013,160,23,3586,129,12274
2021-05-21,139,2,23,0,615,77,12453,1119,3416,7998,275,56127,141,23,3588,129,12297
2021-05-22,89,4,26,0,612,77,12479,1007,3425,8013,280,56198,93,26,3592,129,12323
2021-05-23,82,6,21,0,604,76,12500,974,3432,8020,296,56271,88,21,3598,129,12344
2021-05-24,99,2,30,1,605,77,12531,968,3437,8028,313,56338,101,31,3600,130,12374
2021-05-25,120,3,17,0,591,77,12548,995,3447,8070,299,56437,123,17,3603,130,12391
2021-05-26,80,2,13,0,565,77,12561,925,3451,8115,279,56503,82,13,3605,130,12404
2021-05-27,89,4,18,0,551,77,12579,856,3457,8146,277,56573,93,18,3609,130,12422
2021-05-28,89,1,16,0,531,77,12595,817,3468,8192,251,56648,90,16,3610,130,12438
2021-05-29,56,3,10,1,511,76,12606,728,3475,8203,259,56693,59,11,3613,131,12448
2021-05-30,54,5,12,0,497,76,12618,701,3480,8209,277,56742,59,12,3618,131,12460
2021-05-31,84,7,9,0,478,76,12627,731,3489,8246,263,56818,91,9,3625,131,12469
2021-06-01,67,4,7,0,453,76,12634,680,3499,8282,251,56878,71,7,3629,131,12476
2021-06-02,63,5,13,0,431,77,12647,636,3505,8317,246,56931,68,13,3634,131,12489
2021-06-03,55,3,6,0,402,76,12653,598,3512,8340,247,56979,58,6,3637,131,12495
2021-06-04,79,5,5,0,376,76,12658,603,3520,8372,229,57056,84,5,3642,131,12500
2021-06-05,42,5,7,0,361,75,12665,562,3526,8379,231,57094,47,7,3647,131,12507
2021-06-06,43,7,5,0,351,75,12670,556,3530,8384,233,57137,50,5,3654,131,12512
2021-06-07,48,5,5,0,347,74,12675,566,3537,8422,213,57179,53,5,3659,131,12517
2021-06-08,52,1,8,0,329,75,12683,533,3545,8459,189,57224,53,8,3660,131,12525
2021-06-09,39,2,9,0,317,74,12692,478,3547,8489,173,57257,41,9,3662,131,12534
2021-06-10,39,0,4,0,305,73,12696,448,3553,8513,164,57288,39,4,3662,131,12538
2021-06-11,34,0,6,0,289,73,12702,421,3557,8531,161,57314,34,6,3662,131,12544
2021-06-12,22,3,7,0,276,73,12709,372,3558,8532,167,57336,25,7,3665,131,12551
2021-06-13,22,3,2,0,271,73,12711,372,3558,8533,174,57358,25,2,3668,131,12553
2021-06-14,42,6,7,0,272,74,12718,396,3560,8544,179,57394,48,7,3674,131,12560
2021-06-15,24,5,4,0,258,73,12722,353,3562,8563,176,57417,29,4,3679,131,12564
2021-06-16,26,3,6,1,246,73,12729,332,3571,8582,163,57441,29,7,3682,132,12570
2021-06-17,27,2,5,0,235,73,12734,328,3575,8606,149,57465,29,5,3684,132,12575
2021-06-18,29,5,4,0,225,72,12738,322,3577,8618,149,57493,34,4,3689,132,12579
2021-06-19,12,3,5,0,214,71,12743,294,3579,8621,155,57504,15,5,3692,132,12584
2021-06-20,17,5,3,0,204,70,12746,291,3583,8623,156,57523,22,3,3697,132,12587
2021-06-21,15,3,5,0,202,70,12751,291,3584,8647,145,57539,18,5,3700,132,12592
2021-06-22,17,3,4,0,191,68,12755,264,3587,8662,141,57556,20,4,3703,132,12596
2021-06-23,16,5,2,0,179,67,12757,255,3590,8673,141,57576,21,2,3708,132,12598
2021-06-24,10,1,1,0,165,67,12758,234,3591,8693,129,57585,11,1,3709,132,12599
2021-06-25,16,2,3,0,157,65,12761,220,3594,8710,113,57599,18,3,3711,132,12602
2021-06-26,11,3,0,0,153,64,12761,208,3596,8715,113,57612,14,0,3714,132,12602
2021-06-27,8,2,3,0,148,63,12764,209,3599,8715,113,57620,10,3,3716,132,12605
2021-06-28,7,1,2,0,147,63,12766,202,3603,8729,107,57628,8,2,3717,132,12607
2021-06-29,10,2,0,0,136,62,12766,201,3604,8742,98,57639,12,0,3719,132,12607
2021-06-30,4,6,1,0,131,60,12767,187,3606,8752,97,57647,10,1,3725,132,12608
2021-07-01,10,4,0,0,120,57,12767,189,3607,8770,86,57660,14,0,3729,132,12608
2021-07-02,8,2,4,0,116,55,12771,180,3607,8780,77,57668,10,4,3731,132,12612
2021-07-03,4,1,1,0,116,54,12772,174,3608,8781,77,57673,5,1,3732,132,12613
2021-07-04,11,0,1,1,116,53,12774,178,3608,8783,76,57683,11,2,3732,133,12614
2021-07-05,9,2,1,0,115,53,12775,181,3609,8793,71,57692,11,1,3734,133,12615
2021-07-06,4,3,1,0,110,53,12776,172,3613,8806,62,57698,7,1,3737,133,12616
2021-07-07,11,2,0,1,103,53,12777,171,3614,8811,63,57711,13,1,3739,134,12616
2021-07-08,17,1,0,0,95,50,12777,178,3615,8817,59,57728,18,0,3740,134,12616
2021-07-09,13,2,3,0,93,50,12780,180,3617,8818,60,57743,15,3,3742,134,12619
2021-07-10,16,1,2,0,90,48,12782,186,3618,8819,62,57760,17,2,3743,134,12621
2021-07-11,17,4,5,0,91,46,12787,198,3618,8819,63,57778,21,5,3747,134,12626
2021-07-12,21,5,3,0,94,48,12790,211,3618,8827,64,57800,26,3,3752,134,12629
2021-07-13,24,5,5,0,90,46,12795,219,3618,8830,65,57824,29,5,3757,134,12634
2021-07-14,33,7,2,0,87,46,12797,243,3619,8836,63,57862,40,2,3764,134,12636
2021-07-15,42,4,5,0,87,45,12802,264,3619,8843,61,57906,46,5,3768,134,12641
2021-07-16,47,3,9,0,91,49,12811,288,3619,8846,60,57951,50,9,3771,134,12650
2021-07-17,43,0,4,0,92,47,12815,304,3619,8847,62,57989,43,4,3771,134,12654
2021-07-18,59,2,6,0,95,49,12821,345,3623,8848,62,58046,61,6,3773,134,12660
2021-07-19,87,3,23,0,113,55,12844,399,3624,8856,61,58124,90,23,3776,134,12683
2021-07-20,76,2,11,0,116,55,12855,435,3625,8865,57,58193,78,11,3778,134,12694
2021-07-21,74,2,15,0,124,56,12870,445,3627,8871,56,58258,76,15,3780,134,12709
2021-07-22,69,2,11,0,128,57,12881,458,3628,8879,53,58322,71,11,3782,134,12720
2021-07-23,94,3,15,0,136,57,12896,496,3630,8885,58,58409,97,15,3785,134,12735
2021-07-24,69,0,24,0,147,60,12920,505,3633,8889,58,58464,69,24,3785,134,12759
2021-07-25,75,2,16,0,156,63,12936,516,3633,8892,64,58527,77,16,3787,134,12775
2021-07-26,96,2,19,0,166,62,12955,574,3634,8901,65,58610,98,19,3789,134,12794
2021-07-27,81,6,22,1,177,68,12978,593,3635,8910,67,58680,87,23,3795,135,12816
2021-07-28,82,2,24,0,188,69,13002,593,3635,8919,68,58741,84,24,3797,135,12840
2021-07-29,80,2,14,0,192,70,13016,601,3636,8931,72,58810,82,14,3799,135,12854
2021-07-30,81,2,16,0,191,68,13032,605,3637,8938,74,58884,83,16,3801,135,12870
2021-07-31,64,0,17,0,198,69,13049,583,3638,8942,78,58943,64,17,3801,135,12887
2021-08-01,60,2,19,0,208,69,13068,597,3638,8946,82,58989,62,19,3803,135,12906
2021-08-02,76,3,18,0,218,69,13086,622,3639,8960,82,59052,79,18,3806,135,12924
2021-08-03,54,5,13,0,215,71,13099,578,3641,8979,73,59100,59,13,3811,135,12937
2021-08-04,63,3,20,0,222,72,13119,549,3642,8987,79,59154,66,20,3814,135,12957
2021-08-05,64,4,22,0,225,72,13141,534,3643,8993,84,59208,68,22,3818,135,12979
2021-08-06,59,3,13,0,226,72,13154,526,3644,9002,94,59257,62,13,3821,135,12992
2021-08-07,47,2,19,0,226,72,13173,510,3645,9003,107,59294,49,19,3823,135,13011
2021-08-08,48,1,16,0,225,71,13189,498,3648,9007,111,59331,49,16,3824,135,13027
2021-08-09,58,3,13,0,227,73,13202,509,3650,9019,108,59382,61,13,3827,135,13040
2021-08-10,59,2,14,0,229,74,13216,511,3655,9040,98,59432,61,14,3829,135,13054
2021-08-11,58,4,17,0,227,74,13233,493,3658,9053,99,59487,62,17,3833,135,13071
2021-08-12,69,3,10,0,222,74,13243,504,3663,9068,101,59551,72,10,3836,135,13081
2021-08-13,81,1,14,0,215,73,13257,522,3668,9080,98,59622,82,14,3837,135,13095
2021-08-14,50,3,12,0,213,73,13269,514,3669,9085,102,59672,53,12,3840,135,13107
2021-08-15,61,1,12,0,213,72,13281,532,3671,9087,108,59725,62,12,3841,135,13119
2021-08-16,76,4,11,0,214,70,13292,565,3672,9101,104,59799,80,11,3845,135,13130
2021-08-17,57,3,13,0,217,71,13305,550,3673,9120,93,59847,60,13,3848,135,13143
2021-08-18,55,0,19,0,228,73,13324,532,3675,9128,96,59886,55,19,3848,135,13162
2021-08-19,71,3,13,0,227,73,13337,529,3675,9146,91,59952,74,13,3851,135,13175
2021-08-20,48,0,15,0,229,72,13352,518,3679,9160,88,59989,48,15,3851,135,13190
2021-08-21,41,1,13,0,227,72,13365,484,3679,9165,89,60021,42,13,3852,135,13203
2021-08-22,60,1,11,0,231,72,13376,506,3682,9167,92,60076,61,11,3853,135,13214
2021-08-23,61,6,18,1,244,73,13395,537,3687,9177,95,60134,67,19,3859,136,13232
2021-08-24,54,3,13,0,240,73,13408,520,3691,9192,92,60182,57,13,3862,136,13245
2021-08-25,54,2,14,0,237,74,13422,505,3696,9204,92,60230,56,14,3864,136,13259
2021-08-26,63,5,16,0,233,74,13438,504,3698,9222,81,60286,68,16,3869,136,13275
2021-08-27,76,1,13,0,237,72,13451,505,3703,9236,75,60353,77,13,3870,136,13288
2021-08-28,52,0,13,0,238,72,13464,484,3708,9238,82,60395,52,13,3870,136,13301
2021-08-29,40,0,8,0,232,72,13472,493,3709,9240,88,60429,40,8,3870,136,13309
2021-08-30,66,3,11,0,233,73,13483,527,3711,9250,92,60491,69,11,3873,136,13320
2021-08-31,59,0,9,0,225,74,13492,503,3715,9263,92,60542,59,9,3873,136,13329
2021-09-01,66,2,13,0,218,74,13505,495,3720,9273,93,60601,68,13,3875,136,13342
2021-09-02,53,3,18,0,220,72,13523,494,3721,9286,89,60644,56,18,3878,136,13360
2021-09-03,71,3,16,0,225,72,13539,506,3724,9293,90,60705,74,16,3881,136,13376
2021-09-04,55,2,11,0,223,73,13550,486,3727,9298,93,60755,57,11,3883,136,13387
2021-09-05,33,2,13,0,226,73,13563,484,3729,9301,96,60782,35,13,3885,136,13400
2021-09-06,58,3,14,0,233,73,13577,503,3733,9315,90,60838,61,14,3888,136,13414
2021-09-07,56,1,15,0,235,74,13592,512,3735,9328,89,60882,57,15,3889,136,13429
2021-09-08,70,6,12,0,233,74,13604,516,3739,9335,94,60945,76,12,3895,136,13441
2021-09-09,50,2,14,0,229,74,13618,497,3745,9347,94,60986,52,14,3897,136,13455
2021-09-10,42,7,15,0,227,74,13633,489,3750,9365,82,61024,49,15,3904,136,13470
2021-09-11,45,3,6,0,220,73,13639,482,3753,9368,88,61068,48,6,3907,136,13476
2021-09-12,47,1,4,0,211,72,13643,492,3753,9369,91,61108,48,4,3908,136,13480
2021-09-13,55,3,4,0,211,71,13647,512,3756,9384,84,61157,58,4,3911,136,13484
2021-09-14,46,8,15,0,215,71,13662,498,3759,9396,84,61201,54,15,3919,136,13499
2021-09-15,46,3,16,0,215,73,13678,472,3761,9406,79,61236,49,16,3922,136,13515
2021-09-16,43,0,6,0,212,73,13684,464,3764,9418,76,61276,43,6,3922,136,13521
2021-09-17,45,4,8,0,208,70,13692,454,3765,9426,78,61317,49,8,3926,136,13529
2021-09-18,38,4,7,0,204,71,13699,431,3766,9426,83,61355,42,7,3930,136,13536
2021-09-19,29,1,11,0,209,72,13710,425,3767,9429,83,61379,30,11,3931,136,13547
2021-09-20,38,4,7,0,212,73,13717,441,3768,9443,82,61414,42,7,3935,136,13554
2021-09-21,25,3,13,0,211,73,13730,418,3770,9452,90,61431,28,13,3938,136,13567
2021-09-22,29,1,6,0,197,73,13736,395,3773,9457,92,61456,30,6,3939,136,13573
2021-09-23,40,6,11,0,198,74,13747,389,3773,9461,98,61496,46,11,3945,136,13584
2021-09-24,39,4,7,0,193,72,13754,377,3776,9474,97,61533,43,7,3949,136,13591
2021-09-25,34,0,8,0,187,73,13762,355,3777,9478,101,61560,34,8,3949,136,13599
2021-09-26,28,3,6,0,183,74,13768,362,3781,9480,106,61585,31,6,3952,136,13605
2021-09-27,45,2,3,0,175,74,13771,392,3784,9488,108,61627,47,3,3954,136,13608
2021-09-28,41,4,6,0,166,72,13777,390,3787,9494,111,61668,45,6,3958,136,13614
2021-09-29,31,1,7,0,159,71,13784,382,3790,9505,111,61693,32,7,3959,136,13621
2021-09-30,42,3,5,1,151,68,13790,393,3793,9518,106,61734,45,6,3962,137,13626
2021-10-01,48,3,8,0,150,69,13798,403,3795,9529,105,61779,51,8,3965,137,13634
2021-10-02,32,3,8,0,145,67,13806,381,3795,9532,108,61811,35,8,3968,137,13642
2021-10-03,33,0,8,0,147,67,13814,392,3797,9534,111,61838,33,8,3968,137,13650
2021-10-04,62,3,13,0,154,68,13827,434,3803,9547,109,61894,65,13,3971,137,13663
2021-10-05,43,3,6,0,143,66,13833,443,3808,9560,101,61935,46,6,3974,137,13669
2021-10-06,48,5,13,0,145,67,13846,455,3812,9567,101,61979,53,13,3979,137,13682
2021-10-07,38,1,6,0,140,66,13852,447,3815,9579,94,62014,39,6,3980,137,13688
2021-10-08,54,3,11,0,142,66,13863,457,3815,9594,87,62062,57,11,3983,137,13699
2021-10-09,38,4,12,1,149,67,13876,454,3818,9596,89,62097,42,13,3987,138,13711
2021-10-10,43,5,10,0,152,70,13886,474,3819,9596,94,62135,48,10,3992,138,13721
2021-10-11,67,5,12,0,158,71,13898,516,3823,9607,90,62198,72,12,3997,138,13733
2021-10-12,61,6,7,0,154,69,13905,546,3827,9621,79,62260,67,7,4003,138,13740
2021-10-13,61,4,12,0,159,69,13917,566,3830,9628,77,62319,65,12,4007,138,13752
2021-10-14,70,3,10,0,159,68,13927,580,3834,9636,82,62383,73,10,4010,138,13762
2021-10-15,71,5,11,0,153,65,13938,601,3838,9654,71,62453,76,11,4015,138,13773
2021-10-16,53,4,10,0,150,63,13948,597,3840,9656,74,62504,57,10,4019,138,13783
2021-10-17,60,3,17,0,161,64,13966,627,3842,9656,77,62554,63,17,4022,138,13800
2021-10-18,101,3,14,0,170,66,13980,687,3845,9674,70,62652,104,14,4025,138,13814
2021-10-19,92,7,18,1,174,65,13999,710,3849,9681,68,62739,99,19,4032,139,13832
2021-10-20,109,1,20,0,185,64,14019,745,3851,9684,71,62836,110,20,4033,139,13852
2021-10-21,107,2,13,0,188,69,14032,775,3853,9695,64,62935,109,13,4035,139,13865
2021-10-22,89,3,25,0,207,71,14057,790,3856,9708,59,63008,92,25,4038,139,13890
2021-10-23,81,4,7,0,203,71,14064,795,3860,9708,68,63087,85,7,4042,139,13897
2021-10-24,76,5,19,0,208,69,14083,824,3861,9711,72,63153,81,19,4047,139,13916
2021-10-25,119,6,15,0,217,71,14098,905,3864,9720,80,63270,125,15,4053,139,13931
2021-10-26,114,3,22,0,218,72,14120,928,3870,9731,75,63375,117,22,4056,139,13953
2021-10-27,146,6,21,0,227,71,14141,991,3876,9738,79,63515,152,21,4062,139,13974
2021-10-28,136,7,22,0,231,71,14163,1047,3877,9749,80,63645,143,22,4069,139,13996
2021-10-29,162,6,28,0,246,74,14191,1128,3883,9758,87,63799,168,28,4075,139,14024
2021-10-30,139,4,12,0,233,75,14203,1146,3887,9761,94,63933,143,12,4079,139,14036
2021-10-31,131,4,24,0,243,74,14227,1201,3890,9763,99,64057,135,24,4083,139,14060
2021-11-01,206,4,23,0,257,75,14250,1340,3896,9771,104,64254,210,23,4087,139,14083
2021-11-02,173,5,34,0,272,75,14284,1389,3902,9784,103,64413,178,34,4092,139,14117
2021-11-03,151,4,30,0,284,75,14314,1378,3908,9794,107,64548,155,30,4096,139,14147
2021-11-04,177,10,26,0,290,75,14340,1398,3912,9802,110,64714,187,26,4106,139,14173
2021-11-05,208,11,27,0,302,76,14367,1456,3917,9815,112,64915,219,27,4117,139,14200
2021-11-06,134,0,34,0,316,76,14401,1413,3922,9821,115,65028,134,34,4117,139,14234
2021-11-07,167,1,35,0,336,76,14436,1486,3930,9822,123,65171,168,35,4118,139,14269
2021-11-08,245,11,19,0,337,76,14455,1654,3937,9838,125,65406,256,19,4129,139,14288
2021-11-09,177,6,34,0,344,76,14489,1664,3944,9859,121,65569,183,34,4135,139,14322
2021-11-10,210,5,36,1,357,76,14526,1675,3947,9874,124,65761,215,37,4140,140,14358
2021-11-11,232,2,34,1,370,76,14561,1723,3957,9885,128,65973,234,35,4142,141,14392
2021-11-12,231,3,43,0,388,76,14605,1764,3969,9900,127,66185,234,43,4145,141,14435
2021-11-13,197,3,26,0,388,76,14631,1757,3975,9908,131,66367,200,26,4148,141,14461
2021-11-14,220,8,34,0,403,76,14665,1841,3984,9911,145,66567,228,34,4156,141,14495
2021-11-15,300,8,37,0,414,76,14702,2020,3988,9924,155,66848,308,37,4164,141,14532
2021-11-16,269,8,51,0,436,75,14753,2058,3992,9945,159,67088,277,51,4172,141,14583
2021-11-17,247,13,37,0,441,75,14790,2053,4003,9959,166,67322,260,37,4185,141,14620
2021-11-18,254,10,50,0,460,75,14840,2059,4012,9980,160,67554,264,50,4195,141,14670
2021-11-19,331,7,38,1,476,75,14879,2154,4025,10006,155,67862,338,39,4202,142,14708
2021-11-20,233,4,41,0,484,73,14920,2087,4036,10013,164,68074,237,41,4206,142,14749
2021-11-21,270,2,47,0,505,74,14967,2158,4045,10019,183,68309,272,47,4208,142,14796
2021-11-22,356,10,57,2,528,75,15026,2356,4049,10041,191,68631,366,59,4218,144,14853
2021-11-23,290,9,45,0,540,76,15072,2389,4061,10065,185,68890,299,45,4227,144,14898
2021-11-24,300,3,49,0,557,77,15121,2372,4074,10084,183,69147,303,49,4230,144,14947
2021-11-25,325,8,55,0,581,77,15176,2406,4092,10110,197,69438,333,55,4238,144,15002
2021-11-26,355,7,53,0,577,76,15229,2454,4102,10141,191,69754,362,53,4245,144,15055
2021-11-27,222,5,59,0,599,76,15288,2311,4111,10153,208,69939,227,59,4250,144,15114
2021-11-28,252,6,52,0,608,76,15341,2366,4124,10160,225,70159,258,52,4256,144,15166
2021-11-29,368,3,55,0,629,76,15396,2561,4134,10189,221,70498,371,55,4259,144,15221
2021-11-30,315,8,53,0,647,77,15449,2549,4156,10222,227,70781,323,53,4267,144,15274
2021-12-01,346,9,65,2,651,77,15516,2499,4173,10251,227,71073,355,67,4276,146,15339
2021-12-02,290,8,45,1,646,78,15563,2452,4184,10283,226,71323,298,46,4284,147,15384
2021-12-03,297,4,42,0,643,77,15605,2410,4200,10314,230,71591,301,42,4288,147,15426
2021-12-04,235,2,41,0,630,78,15646,2275,4212,10323,244,71795,237,41,4290,147,15467
2021-12-05,219,2,50,0,643,77,15696,2275,4216,10337,261,71985,221,50,4292,147,15517
2021-12-06,340,8,49,0,658,78,15745,2419,4225,10372,260,72288,348,49,4300,147,15566
2021-12-07,312,10,53,0,668,78,15798,2412,4236,10412,259,72571,322,53,4310,147,15619
2021-12-08,320,11,59,0,674,77,15857,2414,4248,10444,259,72852,331,59,4321,147,15678
2021-12-09,273,6,56,2,685,78,15914,2372,4263,10481,254,73090,279,58,4327,149,15734
2021-12-10,315,6,47,1,687,78,15961,2364,4277,10513,251,73381,321,48,4333,150,15781
2021-12-11,208,3,23,1,661,78,15984,2219,4283,10529,264,73568,211,24,4336,151,15804
2021-12-12,192,1,45,1,673,77,16029,2221,4296,10537,287,73729,193,46,4337,152,15849
2021-12-13,263,6,48,0,673,77,16077,2295,4306,10568,294,73951,269,48,4343,152,15897
2021-12-14,232,10,32,0,658,77,16110,2220,4313,10606,284,74162,242,32,4353,152,15929
2021-12-15,232,6,39,1,662,77,16149,2115,4323,10630,289,74360,238,40,4359,153,15968
2021-12-16,205,9,39,0,660,77,16188,2026,4334,10671,274,74538,214,39,4368,153,16007
2021-12-17,207,6,46,0,668,78,16234,1948,4346,10714,264,74710,213,46,4374,153,16053
2021-12-18,131,7,26,1,648,78,16261,1789,4355,10723,284,74831,138,27,4381,154,16079
2021-12-19,162,8,31,0,639,78,16292,1779,4366,10727,305,74970,170,31,4389,154,16110
2021-12-20,219,3,38,0,639,78,16330,1901,4381,10770,291,75169,222,38,4392,154,16148
2021-12-21,192,5,32,0,630,78,16362,1839,4394,10810,279,75338,197,32,4397,154,16180
2021-12-22,173,4,18,0,605,78,16380,1751,4401,10850,276,75495,177,18,4401,154,16198
2021-12-23,138,3,24,0,585,78,16404,1678,4415,10887,264,75616,141,24,4404,154,16222
2021-12-24,170,3,26,0,572,78,16430,1636,4429,10929,251,75763,173,26,4407,154,16248
2021-12-25,116,3,28,0,553,77,16458,1468,4437,10942,259,75860,119,28,4410,154,16276
2021-12-26,112,2,30,0,554,77,16488,1458,4445,10947,272,75958,114,30,4412,154,16306
2021-12-27,215,9,38,0,566,77,16526,1578,4457,10981,266,76150,224,38,4421,154,16344
2021-12-28,184,8,28,0,552,77,16554,1580,4475,11019,246,76326,192,28,4429,154,16372
2021-12-29,147,3,19,0,534,78,16573,1522,4489,11060,231,76457,150,19,4432,154,16391
2021-12-30,149,4,25,0,517,78,16598,1466,4499,11087,223,76590,153,25,4436,154,16416
2021-12-31,136,2,16,0,501,78,16614,1390,4512,11115,215,76710,138,16,4438,154,16432
2022-01-01,104,4,21,0,490,77,16635,1272,4522,11118,225,76806,108,21,4442,154,16453
2022-01-02,103,7,24,0,492,77,16659,1296,4532,11125,229,76898,110,24,4449,154,16477
2022-01-03,164,8,32,0,505,77,16691,1401,4544,11155,228,77044,172,32,4457,154,16509
2022-01-04,151,6,14,1,480,77,16706,1384,4555,11179,219,77192,157,15,4463,155,16523
2022-01-05,135,7,15,0,470,77,16721,1334,4565,11208,216,77314,142,15,4470,155,16538
2022-01-06,122,13,21,0,455,77,16742,1303,4572,11232,218,77432,135,21,4483,155,16559
2022-01-07,176,6,15,0,437,77,16757,1331,4576,11258,217,77599,182,15,4489,155,16574
2022-01-08,93,3,20,0,429,77,16777,1225,4583,11269,228,77677,96,20,4492,155,16594
2022-01-09,122,2,28,1,428,77,16805,1248,4592,11272,237,77782,124,29,4494,156,16622
2022-01-10,158,6,22,0,429,77,16827,1343,4598,11299,233,77921,164,22,4500,156,16644
2022-01-11,121,3,13,0,411,76,16840,1283,4603,11325,230,78023,124,13,4503,156,16657
2022-01-12,107,6,11,0,393,76,16851,1215,4608,11350,224,78127,113,11,4509,156,16668
2022-01-13,100,7,13,0,377,75,16864,1182,4620,11377,216,78217,107,13,4516,156,16681
2022-01-14,137,9,12,0,357,76,16877,1171,4630,11403,211,78349,146,12,4525,156,16693
2022-01-15,99,4,13,0,336,76,16890,1111,4635,11413,217,78439,103,13,4529,156,16706
2022-01-16,99,2,11,0,326,76,16901,1112,4637,11417,218,78529,101,11,4531,156,16717
2022-01-17,150,9,9,0,331,76,16910,1205,4641,11443,208,78676,159,9,4540,156,16726
2022-01-18,124,4,7,0,317,77,16917,1164,4645,11471,195,78794,128,7,4544,156,16733
2022-01-19,166,4,16,0,314,77,16933,1187,4655,11493,188,78948,170,16,4548,156,16749
2022-01-20,166,2,12,0,303,76,16945,1198,4658,11517,179,79107,168,12,4550,156,16761
2022-01-21,168,7,9,0,294,75,16954,1222,4662,11538,170,79262,175,9,4557,156,16770
2022-01-22,123,6,5,0,280,75,16959,1185,4665,11545,177,79377,129,5,4563,156,16775
2022-01-23,143,2,9,1,273,75,16969,1236,4670,11547,184,79513,145,10,4565,157,16784
2022-01-24,195,5,11,2,272,75,16981,1337,4672,11565,182,79699,200,13,4570,159,16795
2022-01-25,161,7,14,0,269,74,16995,1336,4677,11582,179,79848,168,14,4577,159,16809
2022-01-26,190,9,9,0,261,72,17004,1362,4685,11600,178,80030,199,9,4586,159,16818
2022-01-27,195,10,21,1,258,72,17025,1380,4690,11611,180,80221,205,22,4596,160,16839
2022-01-28,198,11,9,1,249,70,17035,1400,4696,11630,183,80415,209,10,4607,161,16848
2022-01-29,165,2,10,0,230,70,17045,1369,4705,11636,185,80570,167,10,4609,161,16858
2022-01-30,172,9,9,0,220,70,17055,1417,4707,11637,191,80736,181,9,4618,161,16867
2022-01-31,249,8,20,0,231,71,17075,1568,4711,11660,187,80978,257,20,4626,161,16887
2022-02-01,233,9,15,0,224,68,17090,1636,4715,11681,175,81204,242,15,4635,161,16902
2022-02-02,239,5,16,0,226,67,17106,1657,4722,11697,167,81426,244,16,4640,161,16918
2022-02-03,202,9,21,1,234,71,17128,1641,4724,11713,163,81621,211,22,4649,162,16939
2022-02-04,251,4,14,1,234,69,17143,1675,4729,11726,168,81849,255,15,4653,163,16953
2022-02-05,135,5,11,0,222,69,17154,1549,4735,11729,177,81980,140,11,4658,163,16964
2022-02-06,190,4,29,0,233,67,17183,1608,4736,11731,187,82151,194,29,4662,163,16993
2022-02-07,239,9,18,0,237,66,17201,1745,4740,11748,188,82372,248,18,4671,163,17011
2022-02-08,215,8,20,0,236,70,17221,1756,4743,11765,192,82575,223,20,4679,163,17031
2022-02-09,218,7,10,0,220,70,17231,1747,4746,11786,185,82787,225,10,4686,163,17041
2022-02-10,236,6,13,0,215,70,17244,1732,4752,11802,188,83013,242,13,4692,163,17054
2022-02-11,242,2,13,1,202,68,17258,1748,4759,11815,196,83239,244,14,4694,164,17067
2022-02-12,160,4,13,0,187,66,17271,1658,4764,11820,195,83394,164,13,4698,164,17080
2022-02-13,151,6,12,0,191,65,17283,1650,4769,11823,195,83535,157,12,4704,164,17092
2022-02-14,256,11,12,0,196,65,17295,1827,4770,11842,190,83779,267,12,4715,164,17104
2022-02-15,244,4,16,0,198,66,17311,1861,4775,11855,194,83998,248,16,4719,164,17120
2022-02-16,208,4,15,0,191,65,17327,1835,4778,11867,196,84195,212,15,4723,164,17135
2022-02-17,208,6,17,0,191,68,17345,1804,4782,11885,190,84394,214,17,4729,164,17152
2022-02-18,222,7,15,0,188,68,17360,1823,4786,11903,182,84605,229,15,4736,164,17167
2022-02-19,144,4,17,0,191,69,17377,1737,4793,11910,190,84733,148,17,4740,164,17184
2022-02-20,161,6,13,0,181,70,17390,1736,4797,11917,191,84883,167,13,4746,164,17197
2022-02-21,223,2,18,0,188,70,17408,1842,4798,11934,185,85085,225,18,4748,164,17215
2022-02-22,194,7,13,0,189,71,17421,1838,4801,11953,180,85268,201,13,4755,164,17228
2022-02-23,199,4,11,1,183,70,17432,1777,4803,11972,174,85451,203,12,4759,165,17239
2022-02-24,179,2,16,1,184,70,17449,1716,4807,11991,168,85611,181,17,4761,166,17255
2022-02-25,195,8,14,0,182,69,17463,1703,4809,12007,161,85795,203,14,4769,166,17269
2022-02-26,127,0,15,0,185,69,17478,1583,4811,12012,164,85908,127,15,4769,166,17284
2022-02-27,117,6,9,3,188,69,17488,1568,4813,12014,172,86017,123,12,4775,169,17293
2022-02-28,228,0,10,0,185,69,17498,1710,4816,12029,170,86224,228,10,4775,169,17303
2022-03-01,227,5,18,0,185,70,17516,1737,4820,12045,166,86433,232,18,4780,169,17321
2022-03-02,248,6,12,0,179,71,17528,1787,4823,12067,156,86665,254,12,4786,169,17333
2022-03-03,200,5,11,0,174,70,17539,1800,4829,12081,152,86859,205,11,4791,169,17344
2022-03-04,218,0,13,0,172,69,17552,1810,4832,12098,147,87059,218,13,4791,169,17357
2022-03-05,151,5,12,0,170,67,17564,1724,4835,12100,151,87205,156,12,4796,169,17369
2022-03-06,204,5,11,0,171,66,17575,1815,4840,12104,149,87400,209,11,4801,169,17380
2022-03-07,281,15,16,0,180,65,17591,2017,4845,12118,145,87680,296,16,4816,169,17396
2022-03-08,259,6,17,0,183,65,17608,2071,4848,12134,142,87924,265,17,4822,169,17413
2022-03-09,244,7,17,0,184,64,17625,2065,4853,12147,146,88159,251,17,4829,169,17430
2022-03-10,302,9,13,0,174,63,17638,2121,4858,12159,144,88457,311,13,4838,169,17443
2022-03-11,258,11,21,0,181,61,17659,2134,4866,12174,139,88710,269,21,4849,169,17464
2022-03-12,217,2,10,0,173,59,17670,2043,4869,12183,145,88912,219,10,4851,169,17474
2022-03-13,242,5,10,0,164,58,17680,2151,4875,12188,148,89151,247,10,4856,169,17484
2022-03-14,316,6,24,0,175,61,17704,2334,4882,12202,142,89448,322,24,4862,169,17508
2022-03-15,317,3,24,0,181,64,17728,2355,4885,12213,149,89746,320,24,4865,169,17532
2022-03-16,289,9,15,1,174,59,17744,2395,4891,12224,154,90023,298,16,4874,170,17547
2022-03-17,304,8,18,0,170,56,17762,2369,4899,12233,159,90310,312,18,4882,170,17565
2022-03-18,254,4,18,0,165,56,17780,2318,4901,12243,161,90548,258,18,4886,170,17583
2022-03-19,206,5,14,0,162,58,17794,2180,4908,12248,166,90747,211,14,4891,170,17597
2022-03-20,196,4,16,0,161,62,17810,2219,4914,12250,170,90937,200,16,4895,170,17613
2022-03-21,331,5,23,0,172,65,17833,2440,4920,12265,169,91243,336,23,4900,170,17636
2022-03-22,298,12,20,0,172,66,17853,2413,4926,12284,161,91527,310,20,4912,170,17656
2022-03-23,277,7,22,0,177,69,17875,2374,4933,12300,164,91786,284,22,4919,170,17678
2022-03-24,256,3,21,1,174,68,17897,2309,4936,12315,169,92018,259,22,4922,171,17699
2022-03-25,258,5,11,0,162,64,17908,2310,4941,12332,169,92260,263,11,4927,171,17710
2022-03-26,159,2,16,0,155,64,17924,2135,4946,12338,171,92403,161,16,4929,171,17726
2022-03-27,150,3,13,0,155,61,17937,2143,4947,12342,178,92542,153,13,4932,171,17739
2022-03-28,272,5,16,0,160,62,17953,2329,4951,12360,180,92797,277,16,4937,171,17755
2022-03-29,228,2,18,0,154,61,17971,2300,4954,12379,173,92998,230,18,4939,171,17773
2022-03-30,218,9,14,0,154,62,17985,2273,4958,12391,176,93207,227,14,4948,171,17787
2022-03-31,171,5,14,0,150,62,17999,2150,4963,12402,181,93363,176,14,4953,171,17801
2022-04-01,193,4,12,0,143,61,18011,2095,4965,12422,176,93546,197,12,4957,171,17813
2022-04-02,97,1,6,0,131,56,18017,1946,4970,12430,177,93634,98,6,4958,171,17819
2022-04-03,132,2,6,0,121,55,18023,1952,4972,12432,183,93761,134,6,4960,171,17825
2022-04-04,196,3,8,0,118,52,18031,2082,4973,12446,177,93944,199,8,4963,171,17833
2022-04-05,192,3,13,1,120,54,18045,2031,4979,12459,172,94117,195,14,4966,172,17846
2022-04-06,166,5,14,0,121,53,18059,1955,4982,12475,164,94275,171,14,4971,172,17860
2022-04-07,163,6,16,0,127,54,18075,1904,4988,12485,164,94430,169,16,4977,172,17876
2022-04-08,156,3,7,0,119,55,18082,1856,4994,12499,166,94576,159,7,4980,172,17883
2022-04-09,84,1,8,0,105,50,18090,1721,4995,12505,169,94653,85,8,4981,172,17891
2022-04-10,104,0,8,0,104,48,18098,1726,4997,12508,170,94749,104,8,4981,172,17899
2022-04-11,129,3,8,0,107,47,18106,1768,5001,12522,162,94867,132,8,4984,172,17907
2022-04-12,130,3,16,0,113,51,18122,1696,5004,12533,156,94984,133,16,4987,172,17923
2022-04-13,125,2,10,0,115,53,18132,1622,5006,12537,158,95100,127,10,4989,172,17933
2022-04-14,100,5,11,0,116,53,18143,1581,5007,12546,156,95187,105,11,4994,172,17944
2022-04-15,103,3,7,0,114,51,18150,1491,5011,12558,156,95282,106,7,4997,172,17951
2022-04-16,69,2,3,0,99,48,18153,1401,5013,12560,159,95347,71,3,4999,172,17954
2022-04-17,79,0,8,0,100,52,18161,1383,5016,12563,157,95418,79,8,4999,172,17962
2022-04-18,75,1,6,0,102,54,18167,1402,5018,12565,161,95482,76,6,5000,172,17968
2022-04-19,103,5,13,3,110,53,18181,1449,5022,12576,156,95575,108,16,5005,175,17981
2022-04-20,97,2,4,0,103,52,18185,1414,5024,12583,161,95664,99,4,5007,175,17985
2022-04-21,95,1,9,0,97,49,18194,1355,5025,12593,161,95746,96,9,5008,175,17994
2022-04-22,71,1,7,0,91,50,18201,1295,5027,12598,160,95809,72,7,5009,175,18001
2022-04-23,67,1,4,0,88,48,18205,1216,5029,12601,163,95872,68,4,5010,175,18005
2022-04-24,62,2,7,0,86,47,18212,1231,5033,12602,163,95929,64,7,5012,175,18012
2022-04-25,87,2,5,1,87,46,18218,1275,5034,12607,164,96011,89,6,5014,176,18017
2022-04-26,65,5,2,0,81,45,18220,1243,5036,12616,163,96073,70,2,5019,176,18019
2022-04-27,42,0,9,0,80,48,18229,1152,5036,12621,164,96106,42,9,5019,176,18028
2022-04-28,66,3,3,0,77,46,18233,1165,5038,12630,161,96168,69,3,5022,176,18031
2022-04-29,45,0,1,0,71,45,18234,1116,5040,12636,159,96208,45,1,5022,176,18032
2022-04-30,42,1,6,0,72,42,18240,1036,5042,12640,159,96247,43,6,5023,176,18038
2022-05-01,56,0,6,0,72,42,18246,1052,5043,12640,161,96298,56,6,5023,176,18044
2022-05-02,61,2,3,0,72,41,18249,1096,5045,12648,158,96357,63,3,5025,176,18047
2022-05-03,52,2,3,0,69,39,18252,1081,5048,12655,161,96406,54,3,5027,176,18050
2022-05-04,63,1,7,0,60,39,18259,1044,5050,12659,160,96465,64,7,5028,176,18057
2022-05-05,43,1,1,0,56,36,18260,993,5053,12661,161,96507,44,1,5029,176,18058
2022-05-06,38,0,3,0,53,36,18263,988,5054,12667,156,96541,38,3,5029,176,18061
2022-05-07,39,0,3,0,54,36,18266,933,5055,12668,157,96578,39,3,5029,176,18064
2022-05-08,41,3,3,0,55,34,18269,948,5056,12668,160,96611,44,3,5032,176,18067
2022-05-09,52,3,3,1,56,34,18272,975,5057,12678,157,96659,55,4,5035,177,18070
2022-05-10,47,3,6,1,55,32,18278,973,5058,12681,157,96705,50,7,5038,178,18076
2022-05-11,40,2,3,0,54,31,18281,929,5058,12690,150,96740,42,3,5040,178,18079
2022-05-12,44,3,1,0,52,30,18282,917,5062,12695,147,96781,47,1,5043,178,18080
2022-05-13,40,3,2,0,48,28,18284,891,5064,12701,145,96821,43,2,5046,178,18082
2022-05-14,15,2,2,0,43,25,18286,847,5065,12703,146,96837,17,2,5048,178,18084
2022-05-15,32,1,2,0,41,23,18288,854,5066,12703,146,96869,33,2,5049,178,18086
2022-05-16,57,4,6,0,47,27,18294,902,5066,12710,145,96919,61,6,5053,178,18092
2022-05-17,47,2,2,0,43,25,18296,896,5067,12715,142,96960,49,2,5055,178,18094
2022-05-18,41,1,4,0,43,27,18300,885,5072,12721,137,96994,42,4,5056,178,18098
2022-05-19,43,2,2,0,39,26,18302,872,5074,12724,137,97036,45,2,5058,178,18100
2022-05-20,33,2,1,0,36,23,18303,848,5075,12728,134,97065,35,1,5060,178,18101
2022-05-21,26,2,1,0,35,23,18304,815,5075,12728,135,97089,28,1,5062,178,18102
2022-05-22,20,2,2,1,37,24,18307,815,5076,12728,135,97111,22,3,5064,179,18104
2022-05-23,48,4,4,0,40,25,18311,853,5077,12732,134,97156,52,4,5068,179,18108
2022-05-24,43,2,3,0,39,25,18314,839,5079,12734,135,97191,45,3,5070,179,18111
2022-05-25,24,3,1,0,35,24,18315,808,5079,12738,134,97214,27,1,5073,179,18112
2022-05-26,20,0,2,0,34,23,18317,786,5080,12740,133,97233,20,2,5073,179,18114
2022-05-27,35,0,3,0,35,22,18320,800,5080,12746,129,97264,35,3,5073,179,18117
2022-05-28,19,0,0,0,34,21,18320,764,5080,12748,128,97282,19,0,5073,179,18117
2022-05-29,21,1,1,0,34,20,18321,765,5080,12748,128,97302,22,1,5074,179,18118
2022-05-30,42,8,0,1,35,20,18322,805,5080,12750,127,97346,50,1,5082,180,18118
2022-05-31,41,1,3,0,37,21,18325,801,5081,12753,125,97379,42,3,5083,180,18121
2022-06-01,31,2,5,1,41,26,18331,790,5083,12755,126,97406,33,6,5085,181,18126
2022-06-02,42,1,1,0,37,26,18332,798,5083,12759,125,97443,43,1,5086,181,18127
2022-06-03,44,4,1,0,35,23,18333,810,5086,12759,125,97484,48,1,5090,181,18128
2022-06-04,28,0,4,0,35,22,18337,795,5087,12760,125,97505,28,4,5090,181,18132
2022-06-05,32,0,3,0,35,22,18340,802,5088,12760,126,97533,32,3,5090,181,18135
2022-06-06,43,0,3,0,35,24,18343,825,5088,12760,128,97573,43,3,5090,181,18138
2022-06-07,42,4,1,0,35,24,18344,856,5088,12763,128,97617,46,1,5094,181,18139
2022-06-08,45,4,3,0,33,23,18347,852,5088,12765,127,97665,49,3,5098,181,18142
2022-06-09,55,1,5,0,37,27,18352,859,5088,12766,129,97717,56,5,5099,181,18147
2022-06-10,63,6,6,0,41,28,18358,889,5089,12768,130,97778,69,6,5105,181,18153
2022-06-11,50,0,1,0,38,26,18359,882,5090,12768,131,97824,50,1,5105,181,18154
2022-06-12,38,2,0,1,37,25,18359,894,5090,12768,132,97862,40,1,5107,182,18154
2022-06-13,55,3,5,0,41,28,18364,939,5090,12771,130,97916,58,5,5110,182,18159
2022-06-14,55,5,5,0,45,30,18369,946,5091,12773,132,97970,60,5,5115,182,18164
2022-06-15,63,3,4,0,45,30,18373,950,5093,12776,133,98033,66,4,5118,182,18168
2022-06-16,57,0,6,0,45,29,18379,954,5097,12776,139,98085,57,6,5118,182,18174
2022-06-17,73,2,4,0,39,25,18383,971,5098,12777,140,98157,75,4,5120,182,18178
2022-06-18,55,2,3,0,38,27,18386,950,5099,12778,141,98209,57,3,5122,182,18181
2022-06-19,71,1,2,0,37,26,18388,997,5101,12779,141,98279,72,2,5123,182,18183
2022-06-20,70,4,4,0,38,26,18392,1044,5103,12782,141,98348,74,4,5127,182,18187
2022-06-21,58,6,7,0,40,29,18399,1044,5103,12786,139,98408,64,7,5133,182,18194
2022-06-22,67,2,4,0,42,30,18403,1041,5104,12790,137,98473,69,4,5135,182,18198
2022-06-23,80,2,6,0,45,32,18409,1041,5105,12792,138,98549,82,6,5137,182,18204
2022-06-24,85,7,4,3,47,31,18416,1055,5108,12794,139,98635,92,7,5144,185,18208
2022-06-25,60,4,6,0,48,30,18422,1031,5109,12794,139,98695,64,6,5148,185,18214
2022-06-26,62,6,4,0,51,32,18426,1063,5109,12794,141,98759,68,4,5154,185,18218
2022-06-27,61,17,3,0,52,31,18429,1116,5109,12796,143,98822,78,3,5171,185,18221
2022-06-28,4,1,0,0,47,28,18429,1061,5109,12796,143,98826,5,0,5172,185,18221
