"date","Hospital_Intake_Proven","Hospital_Intake_Suspected","IC_Intake_Proven","IC_Intake_Suspected","IC_Current","ICs_Used","IC_Cumulative","Hospital_Currently","IC_Deaths_Cumulative","IC_Discharge_Cumulative","IC_Discharge_InHospital","Hospital_Cumulative","Hospital_Intake","IC_Intake","Hosp_Intake_Suspec_Cumul","IC_Intake_Suspected_Cumul","IC_Intake_Proven_Cumsum"
2020-02-27,2,2,1,0,13,9,13,61,0,0,0,64,4,1,2,0,1
2020-02-28,4,0,0,1,14,10,14,65,0,0,0,68,4,1,2,1,1
2020-02-29,1,0,1,0,15,10,15,65,0,0,0,69,1,1,2,1,2
2020-03-01,7,1,2,0,17,11,17,72,0,0,1,76,8,2,3,1,4
2020-03-02,10,1,0,0,16,10,17,83,0,0,1,87,11,0,4,1,4
2020-03-03,8,0,2,0,18,10,19,90,0,0,1,95,8,2,4,1,6
2020-03-04,10,3,3,0,21,12,22,102,0,2,1,108,13,3,7,1,9
2020-03-05,11,1,1,1,21,14,24,111,0,2,1,119,12,2,8,2,10
2020-03-06,21,1,4,0,24,17,28,129,0,2,2,138,22,4,9,2,14
2020-03-07,7,3,3,0,26,17,31,137,0,3,1,146,10,3,12,2,17
2020-03-08,18,4,5,0,32,21,36,155,2,3,1,166,22,5,16,2,22
2020-03-09,27,5,6,2,38,22,44,180,2,3,1,196,32,8,21,4,28
2020-03-10,28,4,10,1,47,25,55,203,2,3,2,225,32,11,25,5,38
2020-03-11,44,5,9,0,54,26,64,239,4,3,2,268,49,9,30,5,47
2020-03-12,54,4,23,0,74,32,87,282,5,3,2,319,58,23,34,5,70
2020-03-13,76,4,13,0,84,35,100,351,5,4,2,397,80,13,38,5,83
2020-03-14,61,3,21,0,103,44,121,390,5,7,5,451,64,21,41,5,104
2020-03-15,69,8,28,1,127,51,150,438,7,7,6,522,77,29,49,6,132
2020-03-16,142,19,33,0,157,57,183,571,12,8,6,676,161,33,68,6,165
2020-03-17,145,12,35,0,185,60,218,655,14,8,9,815,157,35,80,6,200
2020-03-18,177,14,56,0,236,65,274,783,17,12,10,992,191,56,94,6,256
2020-03-19,261,24,66,2,296,70,342,992,25,12,12,1260,285,68,118,8,322
2020-03-20,240,25,83,1,368,71,426,1164,30,14,17,1503,265,84,143,9,405
2020-03-21,204,13,80,3,437,71,509,1245,41,16,27,1685,217,83,156,12,485
2020-03-22,236,18,74,1,487,71,584,1347,47,18,30,1908,254,75,174,13,559
2020-03-23,454,23,97,3,577,71,685,1674,64,21,42,2344,477,100,197,16,656
2020-03-24,428,25,111,1,656,73,797,1927,74,25,47,2753,453,112,222,17,767
2020-03-25,442,22,120,2,756,74,918,2145,85,31,54,3167,464,122,244,19,887
2020-03-26,443,32,111,4,843,74,1033,2341,103,41,57,3591,475,115,276,23,998
2020-03-27,562,34,114,1,927,74,1150,2602,117,47,74,4128,596,115,310,24,1112
2020-03-28,303,23,102,2,991,74,1254,2540,135,51,89,4402,326,104,333,26,1214
2020-03-29,258,17,91,2,1042,74,1347,2493,160,61,102,4628,275,93,350,28,1305
2020-03-30,442,29,127,2,1126,74,1476,2639,180,69,121,5028,471,129,379,30,1432
2020-03-31,309,40,111,1,1192,74,1588,2566,214,86,131,5317,349,112,419,31,1543
2020-04-01,316,36,75,2,1208,75,1664,2470,238,104,141,5622,352,77,455,33,1618
2020-04-02,350,37,96,2,1251,75,1762,2447,260,119,153,5952,387,98,492,35,1714
2020-04-03,340,50,77,0,1277,75,1839,2453,292,140,161,6301,390,77,542,35,1791
2020-04-04,187,24,64,3,1283,74,1906,2242,311,154,177,6466,211,67,566,38,1855
2020-04-05,230,21,75,3,1310,75,1985,2193,335,163,197,6664,251,78,587,41,1930
2020-04-06,328,51,61,1,1317,75,2047,2313,355,187,210,7002,379,62,638,42,1991
2020-04-07,204,51,60,2,1319,76,2109,2172,383,211,240,7218,255,62,689,44,2051
2020-04-08,209,32,58,0,1288,76,2167,2033,400,236,251,7419,241,58,721,44,2109
2020-04-09,188,35,52,1,1285,76,2220,1857,412,263,257,7604,223,53,756,45,2161
2020-04-10,205,38,49,1,1293,75,2271,1768,440,290,264,7814,243,50,794,46,2210
2020-04-11,133,20,28,2,1261,75,2301,1581,455,311,283,7945,153,30,814,48,2238
2020-04-12,137,32,33,1,1242,75,2335,1525,470,329,311,8096,169,34,846,49,2271
2020-04-13,167,31,45,1,1226,75,2380,1517,491,344,335,8260,198,46,877,50,2316
2020-04-14,162,33,35,2,1203,76,2417,1529,503,394,328,8429,195,37,910,52,2351
2020-04-15,119,16,24,1,1178,76,2442,1442,519,448,327,8546,135,25,926,53,2375
2020-04-16,117,22,28,2,1145,76,2472,1332,538,499,311,8663,139,30,948,55,2403
2020-04-17,139,24,25,1,1114,77,2498,1290,556,547,309,8801,163,26,972,56,2428
2020-04-18,80,14,19,0,1069,76,2517,1148,567,570,326,8874,94,19,986,56,2447
2020-04-19,83,15,20,1,1039,76,2537,1123,586,576,350,8954,98,21,1001,57,2467
2020-04-20,111,21,26,1,1018,76,2564,1161,605,629,337,9058,132,27,1022,58,2493
2020-04-21,118,25,23,0,982,76,2587,1114,625,682,336,9172,143,23,1047,58,2516
2020-04-22,91,21,15,0,924,77,2602,1034,642,728,332,9270,112,15,1068,58,2531
2020-04-23,95,35,16,0,882,77,2618,992,654,775,309,9383,130,16,1103,58,2547
2020-04-24,78,24,18,1,866,76,2637,935,666,840,275,9468,102,19,1127,59,2565
2020-04-25,42,20,14,0,834,76,2651,806,681,856,284,9522,62,14,1147,59,2579
2020-04-26,43,23,13,0,806,76,2664,778,690,866,297,9577,66,13,1170,59,2592
2020-04-27,60,17,14,0,785,76,2678,763,701,875,314,9643,77,14,1187,59,2606
2020-04-28,91,25,14,1,764,76,2694,780,707,926,298,9739,116,15,1212,60,2620
2020-04-29,60,18,12,0,736,76,2706,721,713,963,297,9800,78,12,1230,60,2632
2020-04-30,63,18,17,2,713,76,2725,696,726,1005,283,9869,81,19,1248,62,2649
2020-05-01,52,8,9,0,678,76,2734,642,728,1044,287,9918,60,9,1256,62,2658
2020-05-02,27,12,9,2,641,76,2745,559,737,1059,287,9951,39,11,1268,64,2667
2020-05-03,37,9,11,0,627,76,2756,543,742,1066,302,9987,46,11,1277,64,2678
2020-05-04,59,24,11,2,617,76,2768,592,748,1109,296,10057,83,13,1301,66,2689
2020-05-05,28,7,3,0,575,76,2771,525,753,1124,309,10088,35,3,1308,66,2692
2020-05-06,59,15,7,0,549,73,2778,539,759,1161,301,10153,74,7,1323,66,2699
2020-05-07,46,13,9,1,527,72,2788,513,767,1201,294,10200,59,10,1336,67,2708
2020-05-08,56,25,7,1,496,72,2796,512,772,1238,279,10274,81,8,1361,68,2715
2020-05-09,30,5,5,0,474,72,2801,464,777,1246,288,10305,35,5,1366,68,2720
2020-05-10,25,12,4,0,455,72,2805,446,778,1249,297,10335,37,4,1378,68,2724
2020-05-11,44,19,7,1,449,73,2813,475,785,1290,292,10393,63,8,1397,69,2731
2020-05-12,27,20,2,0,407,71,2815,446,788,1332,268,10435,47,2,1417,69,2733
2020-05-13,37,19,3,1,391,71,2819,421,793,1367,266,10485,56,4,1436,70,2736
2020-05-14,26,13,8,1,365,71,2828,387,797,1394,252,10515,39,9,1449,71,2744
2020-05-15,31,13,3,1,349,71,2832,366,804,1430,229,10554,44,4,1462,72,2747
2020-05-16,18,4,7,1,334,70,2840,323,806,1439,229,10572,22,8,1466,73,2754
2020-05-17,30,10,4,0,327,70,2844,337,807,1443,233,10607,40,4,1476,73,2758
2020-05-18,36,12,4,0,322,70,2848,369,807,1476,235,10649,48,4,1488,73,2762
2020-05-19,17,10,1,1,289,67,2850,345,809,1508,214,10674,27,2,1498,74,2763
2020-05-20,31,13,2,0,278,66,2852,331,815,1537,201,10712,44,2,1511,74,2765
2020-05-21,14,5,2,0,257,66,2854,297,819,1542,207,10726,19,2,1516,74,2767
2020-05-22,32,17,4,0,246,65,2858,327,822,1575,190,10769,49,4,1533,74,2771
2020-05-23,14,8,4,0,231,64,2862,291,823,1578,194,10788,22,4,1541,74,2775
2020-05-24,18,15,7,0,230,64,2869,283,824,1578,204,10812,33,7,1556,74,2782
2020-05-25,35,21,1,0,220,63,2870,318,825,1601,208,10863,56,1,1577,74,2783
2020-05-26,25,10,4,0,197,64,2874,312,829,1622,199,10895,35,4,1587,74,2787
2020-05-27,16,10,3,1,183,60,2878,282,830,1645,184,10917,26,4,1597,75,2790
2020-05-28,16,8,1,0,175,59,2879,261,832,1675,165,10936,24,1,1605,75,2791
2020-05-29,24,12,1,2,165,58,2882,263,835,1696,152,10967,36,3,1617,77,2792
2020-05-30,19,5,3,0,156,57,2885,246,835,1703,146,10988,24,3,1622,77,2795
2020-05-31,12,7,3,0,158,57,2888,241,835,1703,153,11006,19,3,1629,77,2798
2020-06-01,15,6,5,0,156,58,2893,245,838,1703,156,11023,21,5,1635,77,2803
2020-06-02,24,17,1,0,151,58,2894,267,839,1727,150,11059,41,1,1652,77,2804
2020-06-03,19,9,5,0,137,55,2899,259,844,1748,133,11078,28,5,1661,77,2809
2020-06-04,14,16,5,1,135,56,2905,244,847,1768,116,11099,30,6,1677,78,2814
2020-06-05,9,12,3,0,132,54,2908,227,847,1779,108,11117,21,3,1689,78,2817
2020-06-06,4,5,2,0,130,54,2910,193,848,1781,109,11124,9,2,1694,78,2819
2020-06-07,5,11,3,0,129,54,2913,193,848,1783,109,11138,16,3,1705,78,2822
2020-06-08,11,6,0,0,127,54,2913,193,848,1800,101,11155,17,0,1711,78,2822
2020-06-09,9,8,2,0,120,53,2915,173,849,1813,93,11170,17,2,1719,78,2824
2020-06-10,5,6,2,0,117,53,2917,157,850,1825,84,11179,11,2,1725,78,2826
2020-06-11,14,10,1,0,113,53,2918,161,850,1837,77,11199,24,1,1735,78,2827
2020-06-12,8,3,3,0,110,51,2921,152,851,1847,71,11209,11,3,1738,78,2830
2020-06-13,4,4,2,0,108,49,2923,133,852,1847,71,11215,8,2,1742,78,2832
2020-06-14,3,5,0,0,107,48,2923,132,854,1849,69,11223,8,0,1747,78,2832
2020-06-15,5,4,1,0,106,48,2924,135,855,1867,61,11231,9,1,1751,78,2833
2020-06-16,8,7,2,0,97,47,2926,135,858,1872,61,11245,15,2,1758,78,2835
2020-06-17,7,6,0,0,88,44,2926,127,860,1879,59,11256,13,0,1764,78,2835
2020-06-18,4,10,1,0,81,43,2927,128,861,1886,60,11269,14,1,1774,78,2836
2020-06-19,4,6,0,0,74,43,2927,124,862,1894,52,11278,10,0,1780,78,2836
2020-06-20,4,4,2,0,74,43,2929,105,863,1895,55,11283,8,2,1784,78,2838
2020-06-21,5,7,0,0,70,41,2929,106,864,1895,55,11294,12,0,1791,78,2838
2020-06-22,7,6,3,0,72,43,2932,109,865,1899,58,11306,13,3,1797,78,2841
2020-06-23,6,9,1,0,65,40,2933,110,866,1906,55,11316,15,1,1806,78,2842
2020-06-24,5,11,1,0,61,39,2934,109,867,1912,50,11331,16,1,1817,78,2843
2020-06-25,9,7,0,1,60,37,2935,116,867,1918,50,11345,16,1,1824,79,2843
2020-06-26,2,6,0,0,54,34,2935,112,868,1922,50,11351,8,0,1830,79,2843
2020-06-27,2,2,0,0,49,32,2935,91,869,1922,53,11355,4,0,1832,79,2843
2020-06-28,5,3,0,0,45,31,2935,95,869,1922,53,11363,8,0,1835,79,2843
2020-06-29,8,5,0,0,45,31,2935,104,869,1927,50,11373,13,0,1840,79,2843
2020-06-30,3,5,2,0,45,31,2937,90,869,1934,46,11378,8,2,1845,79,2845
2020-07-01,4,5,0,0,41,28,2937,88,869,1939,42,11387,9,0,1850,79,2845
2020-07-02,4,2,2,1,43,31,2940,81,870,1943,40,11390,6,3,1852,80,2847
2020-07-03,6,4,0,0,40,30,2940,81,870,1953,30,11398,10,0,1856,80,2847
2020-07-04,0,3,1,0,41,30,2941,71,870,1953,32,11400,3,1,1859,80,2848
2020-07-05,2,6,0,0,39,28,2941,74,870,1954,32,11406,8,0,1865,80,2848
2020-07-06,2,4,0,0,38,27,2941,78,871,1959,29,11412,6,0,1869,80,2848
2020-07-07,4,4,1,0,36,26,2942,80,872,1961,29,11419,8,1,1873,80,2849
2020-07-08,4,3,2,0,33,26,2944,78,872,1966,25,11425,7,2,1876,80,2851
2020-07-09,6,5,1,0,33,25,2945,78,872,1970,21,11433,11,1,1881,80,2852
2020-07-10,7,6,1,0,34,25,2946,88,872,1970,22,11444,13,1,1887,80,2853
2020-07-11,2,2,0,0,32,23,2946,80,872,1970,22,11447,4,0,1889,80,2853
2020-07-12,3,3,1,0,33,23,2947,80,873,1972,21,11450,6,1,1892,80,2854
2020-07-13,5,4,0,0,32,23,2947,87,874,1973,22,11459,9,0,1896,80,2854
2020-07-14,6,4,0,0,29,23,2947,88,874,1974,22,11468,10,0,1900,80,2854
2020-07-15,2,4,1,0,29,23,2948,81,874,1976,22,11473,6,1,1904,80,2855
2020-07-16,2,6,1,0,28,23,2949,77,874,1981,17,11480,8,1,1910,80,2856
2020-07-17,6,1,0,0,28,22,2949,75,874,1981,18,11486,7,0,1911,80,2856
2020-07-18,6,7,0,0,27,22,2949,82,874,1981,18,11499,13,0,1918,80,2856
2020-07-19,7,1,1,0,28,22,2950,85,874,1981,19,11507,8,1,1919,80,2857
2020-07-20,4,4,0,1,28,23,2951,88,875,1986,15,11514,8,1,1923,81,2857
2020-07-21,6,6,2,2,30,24,2954,88,875,1988,16,11524,12,4,1929,83,2859
2020-07-22,4,1,1,0,30,23,2955,77,876,1992,14,11528,5,1,1930,83,2860
2020-07-23,10,6,1,0,27,21,2956,84,876,1994,14,11542,16,1,1936,83,2861
2020-07-24,10,0,1,0,25,19,2957,81,876,1998,14,11551,10,1,1936,83,2862
2020-07-25,10,3,1,0,22,19,2958,84,876,1999,15,11563,13,1,1939,83,2863
2020-07-26,4,2,3,0,23,20,2961,86,876,1999,15,11567,6,3,1941,83,2866
2020-07-27,6,5,3,0,26,21,2964,94,876,2001,13,11577,11,3,1946,83,2869
2020-07-28,10,2,0,0,26,21,2964,97,876,2002,12,11589,12,0,1948,83,2869
2020-07-29,4,0,0,0,25,21,2964,88,877,2004,12,11592,4,0,1948,83,2869
2020-07-30,15,3,3,0,27,22,2967,92,877,2006,10,11609,18,3,1951,83,2872
2020-07-31,11,1,4,0,30,24,2971,96,879,2006,9,11619,12,4,1952,83,2876
2020-08-01,8,3,2,0,31,24,2973,97,879,2007,9,11629,11,2,1955,83,2878
2020-08-02,11,2,2,0,32,24,2975,107,879,2007,9,11641,13,2,1957,83,2880
2020-08-03,15,3,3,0,35,24,2978,117,879,2007,10,11658,18,3,1960,83,2883
2020-08-04,8,3,3,0,37,26,2981,110,880,2008,11,11667,11,3,1963,83,2886
2020-08-05,8,3,2,0,36,25,2983,105,880,2011,8,11677,11,2,1966,83,2888
2020-08-06,11,2,3,0,39,27,2986,104,881,2012,7,11687,13,3,1968,83,2891
2020-08-07,14,2,1,0,39,27,2987,111,881,2013,6,11703,16,1,1970,83,2892
2020-08-08,18,1,1,0,40,28,2988,118,881,2013,7,11722,19,1,1971,83,2893
2020-08-09,19,4,5,1,45,32,2994,131,883,2014,10,11741,23,6,1975,84,2898
2020-08-10,15,4,4,0,43,32,2997,141,883,2015,10,11760,19,4,1979,84,2902
2020-08-11,27,7,3,1,46,32,3000,161,884,2016,12,11792,34,4,1986,85,2905
2020-08-12,20,1,4,0,46,30,3004,164,884,2017,17,11809,21,4,1987,85,2909
2020-08-13,19,4,4,0,43,30,3008,162,884,2017,18,11829,23,4,1991,85,2913
2020-08-14,12,3,6,0,48,32,3014,158,884,2018,20,11840,15,6,1994,85,2919
2020-08-15,15,3,1,0,46,32,3015,154,885,2018,22,11858,18,1,1997,85,2920
2020-08-16,17,4,4,0,47,33,3019,162,885,2019,21,11877,21,4,2001,85,2924
2020-08-17,19,8,7,1,55,37,3027,179,887,2022,22,11901,27,8,2009,86,2931
2020-08-18,11,1,2,0,51,37,3029,174,887,2026,21,11911,12,2,2010,86,2933
2020-08-19,17,2,3,0,50,36,3032,177,887,2032,19,11926,19,3,2012,86,2936
2020-08-20,24,2,6,0,52,39,3038,186,888,2035,15,11948,26,6,2014,86,2942
2020-08-21,18,9,5,0,55,38,3043,180,889,2038,15,11971,27,5,2023,86,2947
2020-08-22,10,4,0,0,51,36,3043,160,889,2038,17,11985,14,0,2027,86,2947
2020-08-23,14,2,5,0,53,38,3048,161,889,2039,17,11997,16,5,2029,86,2952
2020-08-24,11,4,2,0,53,39,3050,165,890,2040,23,12010,15,2,2033,86,2954
2020-08-25,19,3,3,0,48,34,3053,171,890,2041,24,12029,22,3,2036,86,2957
2020-08-26,12,6,0,0,46,34,3053,161,890,2047,21,12047,18,0,2042,86,2957
2020-08-27,7,1,2,1,46,33,3056,146,890,2051,21,12054,8,3,2043,87,2959
2020-08-28,12,2,2,0,44,34,3058,148,891,2056,17,12066,14,2,2045,87,2961
2020-08-29,2,2,3,0,44,33,3061,131,891,2057,16,12069,4,3,2047,87,2964
2020-08-30,10,2,3,0,49,36,3064,133,892,2057,17,12081,12,3,2049,87,2967
2020-08-31,16,3,1,0,48,35,3065,144,894,2060,17,12099,19,1,2052,87,2968
2020-09-01,14,1,2,0,44,36,3067,143,895,2062,17,12112,15,2,2053,87,2970
2020-09-02,17,9,2,0,43,35,3069,149,895,2064,17,12135,26,2,2062,87,2972
2020-09-03,12,3,3,0,44,33,3072,144,895,2067,14,12148,15,3,2065,87,2975
2020-09-04,17,5,4,0,48,35,3076,151,896,2068,17,12168,22,4,2070,87,2979
2020-09-05,18,3,1,0,44,34,3077,151,896,2068,18,12187,21,1,2073,87,2980
2020-09-06,23,6,4,0,48,35,3081,169,896,2068,19,12210,29,4,2079,87,2984
2020-09-07,29,5,3,0,49,35,3084,190,896,2069,21,12241,34,3,2084,87,2987
2020-09-08,23,5,3,0,48,32,3087,204,897,2069,24,12268,28,3,2089,87,2990
2020-09-09,34,10,4,0,49,32,3091,224,898,2071,23,12310,44,4,2099,87,2994
2020-09-10,18,4,5,0,52,32,3096,218,899,2073,21,12329,22,5,2103,87,2999
2020-09-11,42,3,6,0,57,34,3102,238,899,2075,21,12366,45,6,2106,87,3005
2020-09-12,20,1,6,0,61,36,3108,235,899,2076,22,12385,21,6,2107,87,3011
2020-09-13,25,5,4,0,63,37,3112,248,899,2076,22,12413,30,4,2112,87,3015
2020-09-14,52,8,10,1,74,39,3123,289,900,2079,23,12470,60,11,2120,88,3025
2020-09-15,40,3,4,0,74,39,3127,297,901,2083,24,12510,43,4,2123,88,3029
2020-09-16,48,8,1,0,69,40,3128,324,902,2084,26,12564,56,1,2131,88,3030
2020-09-17,54,8,4,0,69,41,3132,342,902,2089,24,12622,62,4,2139,88,3034
2020-09-18,80,2,7,0,73,40,3139,380,902,2091,24,12694,82,7,2141,88,3041
2020-09-19,60,5,14,0,86,45,3153,398,903,2093,23,12752,65,14,2146,88,3055
2020-09-20,51,2,13,0,97,47,3166,418,904,2093,26,12796,53,13,2148,88,3068
2020-09-21,81,3,13,0,106,49,3179,470,907,2096,23,12875,84,13,2151,88,3081
2020-09-22,71,3,10,0,113,52,3190,499,907,2099,24,12943,74,10,2154,88,3091
2020-09-23,96,6,13,0,122,54,3203,542,908,2104,23,13036,102,13,2160,88,3104
2020-09-24,106,7,11,0,129,57,3214,591,909,2106,24,13141,113,11,2167,88,3115
2020-09-25,92,6,18,0,143,58,3232,619,911,2110,24,13227,98,18,2173,88,3133
2020-09-26,79,2,13,0,148,60,3245,614,912,2111,29,13300,81,13,2175,88,3146
2020-09-27,81,5,17,1,159,60,3263,647,914,2111,36,13376,86,18,2180,89,3163
2020-09-28,112,3,15,0,166,61,3278,702,916,2115,43,13481,115,15,2183,89,3178
2020-09-29,100,6,22,1,176,63,3301,739,918,2118,51,13574,106,23,2189,90,3200
2020-09-30,113,2,15,2,179,63,3317,757,921,2121,55,13681,115,17,2191,92,3215
2020-10-01,111,13,13,1,184,65,3330,786,925,2129,55,13798,124,14,2204,93,3228
2020-10-02,122,4,14,0,184,64,3344,808,925,2132,61,13912,126,14,2208,93,3242
2020-10-03,137,5,19,0,193,68,3363,829,927,2136,65,14042,142,19,2213,93,3261
2020-10-04,104,3,21,0,204,68,3384,869,932,2140,68,14141,107,21,2216,93,3282
2020-10-05,165,5,28,0,218,67,3412,973,935,2144,71,14299,170,28,2221,93,3310
2020-10-06,156,3,34,0,240,69,3446,1018,937,2156,74,14441,159,34,2224,93,3344
2020-10-07,147,5,29,1,253,69,3476,1041,941,2165,76,14581,152,30,2229,94,3373
2020-10-08,161,4,22,0,258,69,3498,1070,944,2172,77,14730,165,22,2233,94,3395
2020-10-09,209,6,28,0,274,70,3526,1145,955,2182,83,14924,215,28,2239,94,3423
2020-10-10,152,3,27,0,274,70,3553,1127,958,2192,82,15062,155,27,2242,94,3450
2020-10-11,159,3,19,0,280,68,3572,1185,965,2196,91,15216,162,19,2245,94,3469
2020-10-12,241,3,41,0,303,68,3613,1332,969,2206,91,15433,244,41,2248,94,3510
2020-10-13,247,6,36,0,322,72,3649,1429,972,2219,90,15663,253,36,2254,94,3546
2020-10-14,205,4,35,0,342,72,3684,1423,978,2226,96,15849,209,35,2258,94,3581
2020-10-15,219,7,36,3,361,72,3722,1451,980,2235,106,16046,226,39,2265,97,3617
2020-10-16,221,6,55,0,398,73,3777,1500,992,2255,106,16244,227,55,2271,97,3672
2020-10-17,214,3,30,0,393,74,3807,1491,998,2261,111,16438,217,30,2274,97,3702
2020-10-18,188,5,41,0,415,74,3848,1525,1003,2266,121,16603,193,41,2279,97,3743
2020-10-19,284,11,58,1,453,76,3908,1677,1008,2277,129,16860,295,59,2290,98,3801
2020-10-20,243,14,49,1,479,74,3958,1736,1016,2295,131,17081,257,50,2304,99,3850
2020-10-21,273,3,49,0,495,75,4007,1769,1026,2308,139,17328,276,49,2307,99,3899
2020-10-22,281,4,43,0,508,75,4050,1841,1034,2329,148,17586,285,43,2311,99,3942
2020-10-23,310,10,53,0,522,75,4103,1922,1053,2347,144,17875,320,53,2321,99,3995
2020-10-24,208,7,38,1,528,75,4142,1852,1060,2358,160,18063,215,39,2328,100,4033
2020-10-25,252,7,48,0,544,74,4190,1923,1076,2368,167,18288,259,48,2335,100,4081
2020-10-26,341,3,59,0,570,76,4249,2084,1082,2386,183,18589,344,59,2338,100,4140
2020-10-27,292,3,49,0,581,77,4298,2092,1094,2412,177,18850,295,49,2341,100,4189
2020-10-28,276,7,51,0,599,76,4349,2070,1100,2433,188,19102,283,51,2348,100,4240
2020-10-29,273,9,46,1,610,76,4396,2041,1109,2453,190,19344,282,47,2357,101,4286
2020-10-30,290,12,42,0,617,75,4438,2061,1121,2476,194,19611,302,42,2369,101,4328
2020-10-31,201,6,48,0,625,76,4486,1982,1138,2485,201,19794,207,48,2375,101,4376
2020-11-01,220,3,43,0,633,77,4529,2004,1149,2493,217,19988,223,43,2378,101,4419
2020-11-02,385,12,59,0,658,77,4589,2213,1158,2519,221,20340,397,59,2390,101,4478
2020-11-03,239,5,31,1,653,77,4621,2160,1169,2546,217,20554,244,32,2395,102,4509
2020-11-04,246,5,39,0,658,76,4661,2093,1182,2576,212,20762,251,39,2400,102,4548
2020-11-05,242,4,35,0,650,76,4696,2022,1198,2608,202,20978,246,35,2404,102,4583
2020-11-06,241,9,35,0,647,76,4731,1947,1214,2635,207,21201,250,35,2413,102,4618
2020-11-07,153,9,39,0,639,76,4770,1797,1226,2644,222,21331,162,39,2422,102,4657
2020-11-08,160,2,44,0,644,76,4814,1777,1237,2654,241,21462,162,44,2424,102,4701
2020-11-09,296,6,41,0,645,77,4855,1922,1250,2688,229,21729,302,41,2430,102,4742
2020-11-10,226,7,37,0,648,77,4892,1859,1265,2717,226,21926,233,37,2437,102,4779
2020-11-11,235,4,36,0,643,77,4928,1814,1276,2746,220,22130,239,36,2441,102,4815
2020-11-12,206,9,41,0,648,77,4969,1763,1288,2773,211,22308,215,41,2450,102,4856
2020-11-13,246,6,31,0,650,77,5000,1744,1303,2812,210,22528,252,31,2456,102,4887
2020-11-14,141,3,22,1,618,77,5023,1609,1314,2819,223,22647,144,23,2459,103,4909
2020-11-15,146,9,34,0,621,76,5057,1604,1332,2828,238,22776,155,34,2468,103,4943
2020-11-16,255,16,36,0,617,76,5093,1751,1348,2854,237,23004,271,36,2484,103,4979
2020-11-17,201,10,29,0,604,76,5122,1722,1364,2886,233,23185,211,29,2494,103,5008
2020-11-18,194,7,31,0,588,76,5153,1665,1377,2912,230,23357,201,31,2501,103,5039
2020-11-19,192,12,39,0,590,76,5192,1604,1390,2942,227,23526,204,39,2513,103,5078
2020-11-20,171,5,28,1,581,76,5221,1515,1404,2972,219,23679,176,29,2518,104,5106
2020-11-21,141,2,21,0,567,76,5242,1417,1417,2979,227,23804,143,21,2520,104,5127
2020-11-22,167,7,25,0,562,76,5267,1451,1431,2985,230,23956,174,25,2527,104,5152
2020-11-23,220,8,26,0,564,76,5293,1581,1448,3015,224,24152,228,26,2535,104,5178
2020-11-24,155,13,34,0,557,76,5328,1534,1462,3044,218,24296,168,34,2548,104,5212
2020-11-25,163,4,41,1,564,77,5369,1464,1476,3071,211,24430,167,42,2552,105,5253
2020-11-26,192,7,30,0,559,76,5399,1470,1490,3092,209,24600,199,30,2559,105,5283
2020-11-27,181,10,18,0,542,75,5417,1459,1498,3124,197,24765,191,18,2569,105,5301
2020-11-28,101,3,21,0,536,75,5438,1359,1512,3132,207,24847,104,21,2572,105,5322
2020-11-29,119,2,18,0,521,75,5457,1364,1522,3136,223,24955,121,18,2574,105,5340
2020-11-30,173,5,24,2,518,75,5483,1449,1534,3164,220,25101,178,26,2579,107,5364
2020-12-01,153,1,30,0,511,75,5513,1403,1545,3186,218,25233,154,30,2580,107,5394
2020-12-02,169,4,30,0,512,75,5543,1366,1557,3210,222,25376,173,30,2584,107,5424
2020-12-03,187,3,30,0,500,75,5573,1374,1564,3227,220,25539,190,30,2587,107,5454
2020-12-04,207,10,33,0,510,76,5606,1408,1575,3260,205,25724,217,33,2597,107,5487
2020-12-05,145,5,25,0,504,76,5631,1359,1585,3264,212,25858,150,25,2602,107,5512
2020-12-06,141,5,28,0,509,76,5659,1400,1596,3270,220,25979,146,28,2607,107,5540
2020-12-07,221,8,21,0,505,75,5680,1510,1604,3294,218,26189,229,21,2615,107,5561
2020-12-08,180,8,40,0,515,75,5720,1495,1617,3322,213,26346,188,40,2623,107,5601
2020-12-09,183,6,31,0,507,76,5751,1478,1628,3350,204,26505,189,31,2629,107,5632
2020-12-10,200,7,33,1,513,76,5785,1475,1637,3371,210,26684,207,34,2636,108,5665
2020-12-11,258,11,36,0,509,76,5821,1548,1645,3393,203,26916,269,36,2647,108,5701
2020-12-12,156,3,22,0,506,75,5843,1521,1652,3401,204,27061,159,22,2650,108,5723
2020-12-13,180,8,42,0,530,75,5885,1574,1660,3403,215,27217,188,42,2658,108,5765
2020-12-14,279,9,24,1,536,75,5910,1746,1667,3432,211,27474,288,25,2667,109,5789
2020-12-15,221,3,44,1,549,76,5955,1741,1674,3452,212,27656,224,45,2670,110,5833
2020-12-16,246,7,36,0,559,76,5991,1770,1688,3479,194,27883,253,36,2677,110,5869
2020-12-17,256,11,48,0,584,76,6039,1814,1697,3504,191,28124,267,48,2688,110,5917
2020-12-18,287,4,38,1,591,77,6078,1868,1704,3528,192,28389,291,39,2692,111,5955
2020-12-19,183,6,43,0,602,77,6121,1772,1716,3532,211,28550,189,43,2698,111,5998
2020-12-20,191,4,55,0,624,77,6176,1786,1732,3540,221,28710,195,55,2702,111,6053
2020-12-21,346,3,32,0,621,76,6208,1983,1744,3571,210,29019,349,32,2705,111,6085
2020-12-22,279,6,43,0,629,76,6251,2001,1754,3600,201,29269,285,43,2711,111,6128
2020-12-23,293,7,48,0,646,77,6299,2027,1765,3625,207,29530,300,48,2718,111,6176
2020-12-24,302,11,49,1,652,78,6348,2046,1778,3659,203,29802,313,50,2729,112,6225
2020-12-25,232,5,36,0,645,78,6384,1944,1792,3665,211,30011,237,36,2734,112,6261
2020-12-26,238,5,42,0,658,78,6426,1984,1801,3671,225,30215,243,42,2739,112,6303
2020-12-27,269,3,44,0,673,78,6470,2074,1815,3677,240,30444,272,44,2742,112,6347
2020-12-28,449,5,68,0,708,78,6539,2357,1827,3703,244,30849,454,68,2747,112,6415
2020-12-29,250,3,61,0,728,78,6601,2336,1835,3728,246,31056,253,61,2750,112,6476
2020-12-30,263,9,46,1,738,78,6649,2295,1847,3757,239,31291,272,47,2759,113,6522
2020-12-31,265,5,39,1,739,77,6689,2216,1864,3778,251,31527,270,40,2764,114,6561
2021-01-01,213,3,40,0,726,77,6729,2053,1874,3792,262,31725,216,40,2767,114,6601
2021-01-02,233,2,39,0,730,77,6768,2103,1888,3800,280,31927,235,39,2769,114,6640
2021-01-03,229,7,45,0,733,77,6813,2127,1904,3811,297,32129,236,45,2776,114,6685
2021-01-04,331,5,58,0,751,77,6871,2251,1917,3837,317,32408,336,58,2781,114,6743
2021-01-05,282,6,55,0,748,78,6926,2216,1938,3878,312,32646,288,55,2787,114,6798
2021-01-06,242,8,46,0,736,78,6972,2158,1950,3920,296,32858,250,46,2795,114,6844
2021-01-07,241,7,37,0,733,78,7009,2103,1971,3957,285,33068,248,37,2802,114,6881
2021-01-08,243,7,44,0,730,78,7053,2042,1993,3997,276,33271,250,44,2809,114,6925
2021-01-09,162,2,32,0,710,78,7085,1866,2006,4009,286,33407,164,32,2811,114,6957
2021-01-10,188,3,31,0,706,77,7116,1876,2012,4019,297,33572,191,31,2814,114,6988
2021-01-11,276,8,38,1,719,78,7155,2011,2030,4053,285,33827,284,39,2822,115,7026
2021-01-12,211,8,45,0,725,78,7200,1946,2039,4097,264,34003,219,45,2830,115,7071
2021-01-13,239,6,36,0,726,77,7236,1889,2054,4131,266,34213,245,36,2836,115,7107
2021-01-14,207,8,34,1,709,78,7270,1827,2063,4168,262,34399,215,35,2844,116,7141
2021-01-15,216,9,37,0,702,78,7307,1807,2075,4199,263,34591,225,37,2853,116,7178
2021-01-16,163,3,27,0,684,77,7334,1679,2086,4207,273,34733,166,27,2856,116,7205
2021-01-17,149,6,38,0,692,77,7372,1634,2091,4214,294,34863,155,38,2862,116,7243
2021-01-18,247,9,41,0,702,77,7413,1762,2107,4250,284,35084,256,41,2871,116,7284
2021-01-19,217,6,34,1,696,77,7448,1749,2116,4287,280,35275,223,35,2877,117,7318
2021-01-20,187,4,33,0,688,76,7481,1673,2127,4320,268,35431,191,33,2881,117,7351
2021-01-21,229,9,39,0,692,76,7521,1673,2142,4354,263,35636,238,39,2890,117,7390
2021-01-22,207,7,35,0,684,76,7556,1650,2154,4394,256,35815,214,35,2897,117,7425
2021-01-23,158,4,34,0,674,77,7590,1575,2164,4407,260,35958,162,34,2901,117,7459
2021-01-24,151,1,26,0,672,77,7616,1584,2176,4411,278,36089,152,26,2902,117,7485
2021-01-25,208,6,53,1,694,77,7670,1680,2189,4450,268,36274,214,54,2908,118,7538
2021-01-26,175,8,34,0,685,77,7704,1634,2205,4480,278,36420,183,34,2916,118,7572
2021-01-27,181,6,28,0,659,78,7732,1571,2219,4505,277,36574,187,28,2922,118,7600
2021-01-28,203,3,43,1,661,77,7776,1528,2228,4531,276,36741,206,44,2925,119,7643
2021-01-29,218,6,27,0,656,78,7803,1541,2245,4560,278,36942,224,27,2931,119,7670
2021-01-30,130,4,31,0,642,78,7834,1470,2252,4572,278,37054,134,31,2935,119,7701
2021-01-31,149,6,35,2,659,78,7871,1506,2265,4577,288,37179,155,37,2941,121,7736
2021-02-01,234,6,29,1,662,78,7901,1614,2277,4611,290,37377,240,30,2947,122,7765
2021-02-02,179,7,28,0,643,78,7929,1581,2293,4642,288,37539,186,28,2954,122,7793
2021-02-03,169,8,29,0,627,78,7958,1524,2303,4685,283,37692,177,29,2962,122,7822
2021-02-04,186,11,25,0,602,78,7983,1491,2312,4726,278,37860,197,25,2973,122,7847
2021-02-05,182,12,19,0,571,77,8002,1482,2327,4766,270,38037,194,19,2985,122,7866
2021-02-06,129,3,20,0,544,77,8022,1358,2340,4773,285,38151,132,20,2988,122,7886
2021-02-07,119,2,22,0,531,77,8044,1340,2348,4778,292,38247,121,22,2990,122,7908
2021-02-08,191,4,32,0,543,78,8076,1445,2350,4817,274,38412,195,32,2994,122,7940
2021-02-09,189,5,19,1,540,78,8096,1419,2362,4861,248,38591,194,20,2999,123,7959
2021-02-10,190,5,28,0,540,77,8124,1419,2372,4897,232,38753,195,28,3004,123,7987
2021-02-11,176,9,32,0,538,75,8156,1406,2380,4927,229,38907,185,32,3013,123,8019
2021-02-12,180,4,33,0,534,75,8189,1383,2389,4957,219,39063,184,33,3017,123,8052
2021-02-13,113,3,22,0,528,76,8211,1285,2396,4966,224,39165,116,22,3020,123,8074
2021-02-14,140,5,26,0,533,76,8237,1293,2407,4970,232,39288,145,26,3025,123,8100
2021-02-15,214,4,36,0,546,76,8273,1403,2414,5004,233,39478,218,36,3029,123,8136
2021-02-16,176,5,39,0,541,78,8312,1387,2421,5036,226,39631,181,39,3034,123,8175
2021-02-17,163,10,36,0,541,78,8348,1372,2428,5063,230,39772,173,36,3044,123,8211
2021-02-18,193,9,25,1,528,78,8374,1379,2434,5086,231,39950,202,26,3053,124,8236
2021-02-19,158,5,32,0,531,77,8406,1357,2442,5121,219,40093,163,32,3058,124,8268
2021-02-20,124,3,40,0,538,77,8446,1260,2449,5129,224,40193,127,40,3061,124,8308
2021-02-21,126,7,36,0,555,77,8482,1260,2453,5135,236,40297,133,36,3068,124,8344
2021-02-22,211,9,32,0,565,77,8514,1371,2463,5161,240,40488,220,32,3077,124,8376
2021-02-23,161,6,25,0,551,77,8539,1359,2468,5184,245,40627,167,25,3083,124,8401
2021-02-24,176,8,30,1,548,77,8570,1343,2478,5217,235,40785,184,31,3091,125,8431
2021-02-25,154,7,47,0,559,78,8617,1304,2486,5240,249,40908,161,47,3098,125,8478
2021-02-26,191,8,29,0,544,77,8646,1290,2494,5265,255,41071,199,29,3106,125,8507
2021-02-27,132,3,20,0,525,77,8667,1234,2498,5278,260,41190,135,20,3109,125,8527
2021-02-28,146,9,42,0,544,77,8709,1249,2504,5282,272,41311,155,42,3118,125,8569
2021-03-01,230,8,50,1,575,78,8760,1373,2513,5318,271,41506,238,51,3126,126,8619
2021-03-02,168,7,39,0,569,78,8799,1353,2526,5360,262,41640,175,39,3133,126,8658
2021-03-03,147,6,34,0,557,78,8833,1304,2532,5394,250,41760,153,34,3139,126,8692
2021-03-04,170,5,42,0,571,78,8875,1286,2540,5426,251,41901,175,42,3144,126,8734
2021-03-05,171,9,36,0,565,78,8911,1271,2545,5464,243,42057,180,36,3153,126,8770
2021-03-06,114,9,38,0,574,78,8949,1189,2555,5476,251,42157,123,38,3162,126,8808
2021-03-07,150,5,33,0,575,76,8982,1211,2561,5486,252,42290,155,33,3167,126,8841
2021-03-08,219,9,42,0,599,77,9024,1323,2570,5513,258,42480,228,42,3176,126,8883
2021-03-09,181,8,36,0,591,78,9060,1322,2574,5551,247,42643,189,36,3184,126,8919
2021-03-10,182,11,43,0,602,78,9103,1294,2581,5579,251,42802,193,43,3195,126,8962
2021-03-11,188,4,42,0,603,78,9145,1282,2591,5606,254,42955,192,42,3199,126,9004
2021-03-12,185,7,31,0,592,78,9176,1286,2604,5640,253,43121,192,31,3206,126,9035
2021-03-13,160,8,34,0,579,78,9210,1247,2610,5649,270,43266,168,34,3214,126,9069
2021-03-14,154,6,41,0,584,78,9251,1274,2618,5654,288,43398,160,41,3220,126,9110
2021-03-15,217,3,45,0,599,78,9296,1394,2626,5694,274,43587,220,45,3223,126,9155
2021-03-16,210,4,45,0,609,78,9341,1401,2638,5731,281,43769,214,45,3227,126,9200
2021-03-17,191,9,38,0,590,78,9379,1389,2651,5763,282,43933,200,38,3236,126,9238
2021-03-18,230,8,54,0,598,77,9433,1431,2661,5794,277,44133,238,54,3244,126,9292
2021-03-19,219,3,48,0,610,77,9481,1438,2670,5839,253,44324,222,48,3247,126,9340
2021-03-20,174,2,37,0,616,78,9518,1394,2680,5848,266,44461,176,37,3249,126,9377
2021-03-21,193,3,53,0,636,78,9571,1444,2685,5851,283,44621,196,53,3252,126,9430
2021-03-22,277,4,40,0,648,78,9611,1579,2694,5895,273,44864,281,40,3256,126,9470
2021-03-23,217,9,42,0,643,78,9653,1544,2703,5936,262,45063,226,42,3265,126,9512
2021-03-24,237,7,37,0,641,78,9691,1552,2709,5973,258,45276,244,37,3272,126,9549
2021-03-25,238,7,56,0,656,78,9748,1548,2721,6007,264,45475,245,56,3279,126,9605
2021-03-26,275,3,61,0,662,77,9809,1569,2731,6040,259,45701,278,61,3282,126,9666
2021-03-27,156,6,39,0,664,78,9848,1495,2736,6055,268,45833,162,39,3288,126,9705
2021-03-28,189,5,35,0,671,78,9884,1515,2743,6063,276,45995,194,35,3293,126,9740
2021-03-29,333,11,49,0,693,78,9933,1702,2753,6101,277,46296,344,49,3304,126,9789
2021-03-30,241,5,50,0,693,78,9983,1681,2766,6140,275,46494,246,50,3309,126,9839
2021-03-31,249,10,60,0,707,78,10043,1639,2779,6179,271,46697,259,60,3319,126,9899
2021-04-01,261,4,46,0,701,78,10089,1652,2790,6211,265,46919,265,46,3323,126,9945
2021-04-02,228,8,67,1,733,78,10158,1585,2799,6253,250,47100,236,68,3331,127,10012
2021-04-03,163,2,46,0,743,78,10204,1488,2812,6277,256,47229,165,46,3333,127,10058
2021-04-04,203,5,54,0,757,78,10259,1500,2816,6290,281,47394,208,54,3338,127,10112
2021-04-05,221,6,53,0,768,78,10312,1571,2824,6299,304,47586,227,53,3344,127,10165
2021-04-06,275,6,55,0,783,78,10367,1679,2837,6339,299,47839,281,55,3350,127,10220
2021-04-07,240,9,62,1,799,78,10430,1671,2848,6378,292,48043,249,63,3359,128,10282
2021-04-08,238,9,48,0,804,78,10478,1636,2863,6433,274,48250,247,48,3368,128,10330
2021-04-09,291,7,55,0,808,78,10533,1658,2877,6465,288,48511,298,55,3375,128,10385
2021-04-10,204,2,51,0,798,78,10585,1566,2889,6484,310,48685,206,51,3377,128,10436
2021-04-11,194,6,58,0,802,78,10643,1578,2904,6491,333,48849,200,58,3383,128,10494
2021-04-12,234,10,48,0,805,78,10692,1651,2920,6531,331,49049,244,48,3393,128,10542
2021-04-13,218,5,44,0,793,78,10736,1596,2933,6574,320,49234,223,44,3398,128,10586
2021-04-14,242,5,55,0,801,77,10791,1569,2948,6620,308,49443,247,55,3403,128,10641
2021-04-15,234,9,63,0,817,77,10854,1547,2966,6655,311,49646,243,63,3412,128,10704
2021-04-16,252,6,53,0,811,77,10908,1583,2978,6710,288,49872,258,53,3418,128,10757
2021-04-17,203,5,53,0,819,77,10961,1504,2991,6727,311,50038,208,53,3423,128,10810
2021-04-18,209,4,54,0,822,77,11015,1534,2999,6734,340,50207,213,54,3427,128,10864
2021-04-19,331,5,65,0,844,78,11080,1730,3014,6775,348,50494,336,65,3432,128,10929
2021-04-20,276,9,51,0,831,77,11131,1736,3025,6825,328,50736,285,51,3441,128,10980
2021-04-21,274,4,51,0,839,77,11182,1737,3038,6863,320,50972,278,51,3445,128,11031
2021-04-22,229,7,44,0,839,77,11226,1739,3051,6913,310,51172,236,44,3452,128,11075
2021-04-23,252,14,65,0,855,77,11291,1711,3069,6964,307,51385,266,65,3466,128,11140
2021-04-24,198,4,51,0,838,76,11342,1590,3078,6977,330,51552,202,51,3470,128,11191
2021-04-25,221,4,43,0,835,77,11385,1617,3088,6996,357,51737,225,43,3474,128,11234
2021-04-26,332,6,60,0,839,77,11445,1789,3098,7053,346,52025,338,60,3480,128,11294
2021-04-27,182,6,52,0,836,77,11497,1699,3109,7077,360,52171,188,52,3486,128,11346
2021-04-28,325,5,48,0,833,77,11546,1820,3125,7121,359,52462,330,48,3491,128,11394
2021-04-29,283,3,66,0,840,77,11612,1855,3137,7166,358,52692,286,66,3494,128,11460
2021-04-30,250,6,51,0,836,77,11663,1834,3153,7217,346,52903,256,51,3500,128,11511
2021-05-01,178,0,38,0,820,77,11701,1708,3165,7235,350,53050,178,38,3500,128,11549
2021-05-02,181,4,67,0,852,78,11768,1659,3188,7250,369,53189,185,67,3504,128,11616
2021-05-03,276,6,52,0,849,78,11820,1763,3201,7300,358,53430,282,52,3510,128,11668
2021-05-04,226,5,51,0,849,77,11871,1708,3216,7355,344,53622,231,51,3515,128,11719
2021-05-05,194,4,43,1,834,78,11916,1587,3234,7374,369,53781,198,44,3519,129,11762
2021-05-06,215,5,45,0,818,78,11961,1606,3248,7417,369,53955,220,45,3524,129,11807
2021-05-07,232,3,46,0,806,78,12007,1616,3261,7472,355,54150,235,46,3527,129,11853
2021-05-08,150,4,38,0,787,77,12045,1495,3277,7487,370,54274,154,38,3531,129,11891
2021-05-09,162,3,36,0,777,77,12081,1466,3290,7501,395,54406,165,36,3534,129,11927
2021-05-10,246,3,36,0,760,78,12117,1561,3304,7548,385,54623,249,36,3537,129,11963
2021-05-11,189,3,41,0,749,78,12158,1501,3312,7613,358,54776,192,41,3540,129,12004
2021-05-12,171,4,37,0,738,78,12196,1424,3324,7664,334,54924,175,37,3544,129,12041
2021-05-13,149,2,27,0,723,78,12223,1311,3329,7680,345,55053,151,27,3546,129,12068
2021-05-14,208,2,32,0,722,78,12255,1379,3345,7729,334,55231,210,32,3548,129,12100
2021-05-15,139,3,33,0,704,78,12288,1263,3356,7744,355,55345,142,33,3551,129,12133
2021-05-16,128,7,25,0,683,78,12313,1239,3363,7754,378,55458,135,25,3558,129,12158
2021-05-17,189,6,37,0,682,78,12350,1326,3376,7804,372,55619,195,37,3564,129,12195
2021-05-18,152,5,34,0,658,78,12384,1278,3389,7860,346,55745,157,34,3569,129,12229
2021-05-19,136,6,23,0,637,77,12407,1186,3396,7909,325,55859,142,23,3575,129,12252
2021-05-20,148,10,23,0,623,77,12430,1145,3410,7952,308,55993,158,23,3585,129,12275
2021-05-21,137,2,23,0,606,77,12453,1104,3414,8006,275,56107,139,23,3587,129,12298
2021-05-22,89,4,25,0,602,77,12478,994,3423,8020,281,56180,93,25,3591,129,12323
2021-05-23,82,6,21,0,594,76,12499,961,3430,8027,297,56253,88,21,3597,129,12344
2021-05-24,99,2,30,1,595,77,12530,955,3435,8035,314,56320,101,31,3599,130,12374
2021-05-25,120,3,17,0,582,77,12547,982,3445,8077,300,56419,123,17,3602,130,12391
2021-05-26,80,2,13,0,555,77,12560,911,3449,8122,279,56485,82,13,3604,130,12404
2021-05-27,89,4,18,0,542,77,12578,842,3455,8152,278,56555,93,18,3608,130,12422
2021-05-28,89,1,16,0,522,77,12594,803,3466,8198,251,56630,90,16,3609,130,12438
2021-05-29,56,3,10,1,502,76,12605,715,3473,8209,256,56676,59,11,3612,131,12448
2021-05-30,54,5,12,0,491,76,12617,688,3478,8216,273,56725,59,12,3617,131,12460
2021-05-31,84,7,9,0,473,76,12626,718,3487,8253,259,56801,91,9,3624,131,12469
2021-06-01,67,4,7,0,448,76,12633,667,3497,8290,246,56861,71,7,3628,131,12476
2021-06-02,63,5,13,0,426,77,12646,623,3503,8325,241,56914,68,13,3633,131,12489
2021-06-03,55,3,6,0,397,76,12652,585,3510,8348,242,56962,58,6,3636,131,12495
2021-06-04,78,5,5,0,371,76,12657,589,3518,8378,226,57038,83,5,3641,131,12500
2021-06-05,42,5,7,0,356,75,12664,549,3524,8385,228,57077,47,7,3646,131,12507
2021-06-06,43,7,5,0,346,75,12669,543,3528,8390,230,57120,50,5,3653,131,12512
2021-06-07,48,5,5,0,342,74,12674,553,3535,8426,211,57162,53,5,3658,131,12517
2021-06-08,52,1,8,0,324,75,12682,520,3543,8462,188,57207,53,8,3659,131,12525
2021-06-09,39,2,9,0,312,74,12691,465,3545,8492,172,57240,41,9,3661,131,12534
2021-06-10,39,0,4,0,300,73,12695,435,3551,8516,163,57271,39,4,3661,131,12538
2021-06-11,34,0,6,0,284,73,12701,408,3555,8534,160,57297,34,6,3661,131,12544
2021-06-12,22,3,7,0,271,73,12708,359,3556,8537,163,57319,25,7,3664,131,12551
2021-06-13,23,3,2,0,267,73,12710,360,3556,8539,169,57342,26,2,3667,131,12553
2021-06-14,42,6,7,0,268,74,12717,384,3558,8549,175,57378,48,7,3673,131,12560
2021-06-15,23,5,4,0,254,73,12721,340,3560,8567,173,57400,28,4,3678,131,12564
2021-06-16,26,3,6,1,242,73,12728,320,3569,8585,161,57425,29,7,3681,132,12570
2021-06-17,27,2,5,0,231,73,12733,316,3573,8609,147,57449,29,5,3683,132,12575
2021-06-18,29,5,4,0,221,72,12737,310,3575,8621,147,57477,34,4,3688,132,12579
2021-06-19,12,3,5,0,210,71,12742,282,3577,8624,153,57488,15,5,3691,132,12584
2021-06-20,17,5,3,0,200,70,12745,279,3581,8626,154,57507,22,3,3696,132,12587
2021-06-21,15,3,5,0,198,70,12750,279,3582,8649,144,57523,18,5,3699,132,12592
2021-06-22,17,3,4,0,187,68,12754,251,3585,8664,140,57540,20,4,3702,132,12596
2021-06-23,16,5,2,0,175,67,12756,242,3588,8675,140,57560,21,2,3707,132,12598
2021-06-24,10,1,1,0,161,66,12757,221,3589,8695,128,57569,11,1,3708,132,12599
2021-06-25,16,2,3,0,153,64,12760,207,3592,8712,112,57583,18,3,3710,132,12602
2021-06-26,11,3,0,0,149,63,12760,195,3594,8717,112,57596,14,0,3713,132,12602
2021-06-27,8,2,3,0,144,62,12763,196,3597,8717,112,57604,10,3,3715,132,12605
2021-06-28,7,1,2,0,143,62,12765,189,3601,8731,106,57612,8,2,3716,132,12607
2021-06-29,10,2,0,0,132,61,12765,188,3602,8744,98,57623,12,0,3718,132,12607
2021-06-30,4,6,1,0,126,59,12766,174,3604,8754,97,57631,10,1,3724,132,12608
2021-07-01,10,4,0,0,115,56,12766,176,3605,8772,86,57644,14,0,3728,132,12608
2021-07-02,8,2,4,0,111,54,12770,167,3605,8782,77,57652,10,4,3730,132,12612
2021-07-03,4,1,1,0,111,53,12771,161,3606,8783,77,57657,5,1,3731,132,12613
2021-07-04,11,0,1,1,111,52,12773,165,3606,8785,76,57667,11,2,3731,133,12614
2021-07-05,9,2,1,0,110,52,12774,168,3607,8795,71,57676,11,1,3733,133,12615
2021-07-06,4,3,1,0,105,52,12775,159,3611,8808,62,57682,7,1,3736,133,12616
2021-07-07,11,2,0,1,98,52,12776,158,3612,8813,63,57695,13,1,3738,134,12616
2021-07-08,17,1,0,0,90,49,12776,165,3613,8819,59,57712,18,0,3739,134,12616
2021-07-09,13,2,3,0,88,49,12779,167,3615,8820,60,57727,15,3,3741,134,12619
2021-07-10,16,1,2,0,85,47,12781,173,3616,8821,62,57744,17,2,3742,134,12621
2021-07-11,17,4,5,0,86,45,12786,185,3616,8821,63,57762,21,5,3746,134,12626
2021-07-12,21,5,3,0,89,47,12789,198,3616,8829,64,57784,26,3,3751,134,12629
2021-07-13,24,5,5,0,85,45,12794,206,3616,8832,65,57808,29,5,3756,134,12634
2021-07-14,33,7,2,0,82,45,12796,230,3617,8838,63,57846,40,2,3763,134,12636
2021-07-15,41,4,5,0,82,44,12801,250,3617,8845,61,57889,45,5,3767,134,12641
2021-07-16,47,3,9,0,86,48,12810,274,3617,8848,60,57934,50,9,3770,134,12650
2021-07-17,43,0,4,0,87,47,12814,291,3617,8849,62,57973,43,4,3770,134,12654
2021-07-18,59,2,6,0,90,49,12820,332,3621,8850,62,58030,61,6,3772,134,12660
2021-07-19,87,3,23,0,108,55,12843,386,3622,8858,61,58108,90,23,3775,134,12683
2021-07-20,76,2,11,0,111,55,12854,422,3623,8867,57,58177,78,11,3777,134,12694
2021-07-21,74,2,15,0,119,56,12869,432,3625,8873,56,58242,76,15,3779,134,12709
2021-07-22,68,2,11,0,123,57,12880,444,3626,8881,53,58305,70,11,3781,134,12720
2021-07-23,93,3,15,0,131,57,12895,481,3628,8887,59,58391,96,15,3784,134,12735
2021-07-24,69,0,24,0,141,60,12919,490,3631,8891,59,58446,69,24,3784,134,12759
2021-07-25,75,2,16,0,150,63,12935,501,3631,8894,65,58509,77,16,3786,134,12775
2021-07-26,96,2,19,0,160,62,12954,560,3632,8903,66,58593,98,19,3788,134,12794
2021-07-27,80,6,23,1,172,67,12978,578,3633,8912,68,58662,86,24,3794,135,12817
2021-07-28,82,2,23,0,182,69,13001,580,3633,8921,69,58724,84,23,3796,135,12840
2021-07-29,80,2,14,0,186,70,13015,588,3634,8933,73,58793,82,14,3798,135,12854
2021-07-30,81,2,16,0,185,68,13031,592,3635,8940,75,58867,83,16,3800,135,12870
2021-07-31,64,0,17,0,192,69,13048,570,3636,8944,79,58926,64,17,3800,135,12887
2021-08-01,60,2,19,0,202,69,13067,584,3636,8948,83,58972,62,19,3802,135,12906
2021-08-02,76,3,18,0,212,69,13085,609,3637,8962,83,59035,79,18,3805,135,12924
2021-08-03,54,5,13,0,209,71,13098,565,3639,8981,74,59082,59,13,3810,135,12937
2021-08-04,63,3,20,0,216,72,13118,536,3640,8989,81,59136,66,20,3813,135,12957
2021-08-05,64,4,22,0,219,72,13140,521,3641,8995,86,59190,68,22,3817,135,12979
2021-08-06,59,3,13,0,220,72,13153,513,3642,9004,96,59239,62,13,3820,135,12992
2021-08-07,47,2,19,0,220,72,13172,497,3643,9005,109,59276,49,19,3822,135,13011
2021-08-08,48,1,16,0,219,71,13188,485,3645,9009,113,59313,49,16,3823,135,13027
2021-08-09,58,3,13,0,222,73,13201,496,3648,9021,110,59364,61,13,3826,135,13040
2021-08-10,59,2,14,0,223,74,13215,498,3653,9042,100,59414,61,14,3828,135,13054
2021-08-11,57,4,17,0,221,74,13232,479,3656,9055,101,59468,61,17,3832,135,13071
2021-08-12,69,3,10,0,215,74,13242,490,3661,9070,103,59532,72,10,3835,135,13081
2021-08-13,80,1,14,0,208,73,13256,508,3666,9083,99,59603,81,14,3836,135,13095
2021-08-14,50,3,12,0,206,73,13268,502,3667,9088,103,59654,53,12,3839,135,13107
2021-08-15,61,1,12,0,206,72,13280,521,3669,9090,109,59708,62,12,3840,135,13119
2021-08-16,76,4,11,0,207,70,13291,554,3670,9104,105,59782,80,11,3844,135,13130
2021-08-17,57,3,13,0,210,71,13304,540,3671,9122,95,59831,60,13,3847,135,13143
2021-08-18,55,0,19,0,221,73,13323,522,3673,9130,98,59870,55,19,3847,135,13162
2021-08-19,70,3,14,0,221,73,13337,516,3673,9148,94,59934,73,14,3850,135,13176
2021-08-20,48,0,15,0,222,72,13352,507,3677,9162,91,59972,48,15,3850,135,13191
2021-08-21,41,1,13,0,220,72,13365,473,3677,9167,92,60004,42,13,3851,135,13204
2021-08-22,60,1,11,0,224,72,13376,495,3680,9169,95,60059,61,11,3852,135,13215
2021-08-23,61,6,18,1,237,73,13395,526,3685,9179,98,60117,67,19,3858,136,13233
2021-08-24,54,3,13,0,233,73,13408,509,3689,9194,95,60165,57,13,3861,136,13246
2021-08-25,54,2,14,0,231,74,13422,496,3694,9206,95,60214,56,14,3863,136,13260
2021-08-26,63,5,16,0,227,74,13438,495,3696,9224,84,60270,68,16,3868,136,13276
2021-08-27,76,1,13,0,231,72,13451,496,3701,9238,78,60337,77,13,3869,136,13289
2021-08-28,52,0,13,0,232,72,13464,475,3706,9240,85,60379,52,13,3869,136,13302
2021-08-29,40,0,8,0,226,72,13472,484,3707,9242,91,60413,40,8,3869,136,13310
2021-08-30,66,3,11,0,227,73,13483,518,3709,9252,95,60475,69,11,3872,136,13321
2021-08-31,59,0,9,0,219,74,13492,494,3713,9265,95,60526,59,9,3872,136,13330
2021-09-01,66,2,14,0,213,74,13506,486,3718,9275,96,60585,68,14,3874,136,13344
2021-09-02,53,3,18,0,215,72,13524,485,3719,9288,92,60628,56,18,3877,136,13362
2021-09-03,70,3,16,0,220,72,13540,496,3722,9295,93,60688,73,16,3880,136,13378
2021-09-04,54,2,12,0,219,73,13552,475,3725,9300,96,60737,56,12,3882,136,13390
2021-09-05,33,2,12,0,221,73,13564,473,3728,9303,99,60764,35,12,3884,136,13402
2021-09-06,58,3,13,0,226,73,13577,493,3731,9317,93,60821,61,13,3887,136,13415
2021-09-07,56,1,15,0,229,74,13592,502,3733,9330,92,60865,57,15,3888,136,13430
2021-09-08,70,6,12,0,227,74,13604,507,3737,9337,97,60929,76,12,3894,136,13442
2021-09-09,50,2,14,0,223,74,13618,488,3743,9349,97,60970,52,14,3896,136,13456
2021-09-10,42,7,15,0,221,74,13633,480,3748,9366,86,61008,49,15,3903,136,13471
2021-09-11,45,3,6,0,214,73,13639,473,3751,9369,92,61052,48,6,3906,136,13477
2021-09-12,47,1,4,0,205,72,13643,483,3751,9370,95,61092,48,4,3907,136,13481
2021-09-13,55,3,4,0,205,71,13647,503,3754,9385,88,61141,58,4,3910,136,13485
2021-09-14,46,8,15,0,209,71,13662,489,3757,9397,88,61185,54,15,3918,136,13500
2021-09-15,46,3,16,0,209,73,13678,463,3759,9407,83,61220,49,16,3921,136,13516
2021-09-16,43,0,6,0,206,73,13684,455,3762,9419,80,61260,43,6,3921,136,13522
2021-09-17,45,4,8,0,202,70,13692,445,3763,9427,82,61301,49,8,3925,136,13530
2021-09-18,38,4,7,0,198,71,13699,422,3764,9427,87,61339,42,7,3929,136,13537
2021-09-19,29,1,11,0,203,72,13710,416,3765,9430,87,61363,30,11,3930,136,13548
2021-09-20,37,4,7,0,206,73,13717,431,3766,9444,86,61397,41,7,3934,136,13555
2021-09-21,25,3,13,0,205,73,13730,408,3768,9453,94,61414,28,13,3937,136,13568
2021-09-22,29,1,6,0,191,73,13736,385,3771,9458,96,61439,30,6,3938,136,13574
2021-09-23,40,6,11,0,192,74,13747,379,3771,9462,102,61479,46,11,3944,136,13585
2021-09-24,39,4,7,0,187,72,13754,367,3774,9475,101,61516,43,7,3948,136,13592
2021-09-25,33,0,8,0,181,73,13762,344,3775,9479,105,61542,33,8,3948,136,13600
2021-09-26,28,3,6,0,177,74,13768,351,3779,9481,110,61567,31,6,3951,136,13606
2021-09-27,45,2,3,0,169,74,13771,381,3782,9489,112,61609,47,3,3953,136,13609
2021-09-28,41,4,6,0,160,72,13777,379,3786,9495,114,61650,45,6,3957,136,13615
2021-09-29,31,1,7,0,153,71,13784,372,3789,9506,114,61676,32,7,3958,136,13622
2021-09-30,42,3,4,1,144,68,13789,384,3792,9519,109,61718,45,5,3961,137,13626
2021-10-01,46,3,9,0,144,68,13798,391,3794,9530,108,61760,49,9,3964,137,13635
2021-10-02,32,3,8,0,139,66,13806,369,3794,9533,111,61792,35,8,3967,137,13643
2021-10-03,32,1,8,0,141,66,13814,381,3796,9535,114,61820,33,8,3968,137,13651
2021-10-04,61,3,13,0,148,68,13827,422,3802,9548,112,61875,64,13,3971,137,13664
2021-10-05,43,3,6,0,137,66,13833,432,3807,9561,104,61917,46,6,3974,137,13670
2021-10-06,48,5,13,0,139,66,13846,446,3811,9568,104,61963,53,13,3979,137,13683
2021-10-07,38,1,6,0,134,65,13852,438,3814,9580,97,61998,39,6,3980,137,13689
2021-10-08,53,3,11,0,136,66,13863,447,3814,9595,90,62045,56,11,3983,137,13700
2021-10-09,38,4,12,1,143,67,13876,445,3817,9597,92,62080,42,13,3987,138,13712
2021-10-10,43,3,10,0,146,70,13886,463,3818,9597,97,62117,46,10,3990,138,13722
2021-10-11,67,3,12,0,152,71,13898,503,3822,9608,93,62178,70,12,3993,138,13734
2021-10-12,60,4,7,0,148,69,13905,531,3826,9622,82,62238,64,7,3997,138,13741
2021-10-13,63,2,12,0,153,69,13917,549,3829,9629,80,62297,65,12,3999,138,13753
2021-10-14,70,3,11,0,154,68,13928,564,3833,9637,85,62361,73,11,4002,138,13764
2021-10-15,71,4,10,0,147,65,13938,585,3837,9652,78,62430,75,10,4006,138,13774
2021-10-16,52,3,10,0,144,63,13948,579,3839,9654,81,62479,55,10,4009,138,13784
2021-10-17,59,2,17,0,155,64,13966,609,3841,9654,84,62529,61,17,4011,138,13801
2021-10-18,101,1,14,0,164,66,13980,670,3844,9672,77,62626,102,14,4012,138,13815
2021-10-19,91,6,18,1,168,65,13999,691,3848,9679,75,62712,97,19,4018,139,13833
2021-10-20,108,0,21,0,180,63,14020,726,3850,9683,78,62807,108,21,4018,139,13854
2021-10-21,105,2,13,0,182,68,14033,756,3852,9692,73,62906,107,13,4020,139,13867
2021-10-22,89,2,24,0,200,69,14057,771,3855,9705,68,62978,91,24,4022,139,13891
2021-10-23,82,2,7,0,196,70,14064,777,3859,9705,77,63056,84,7,4024,139,13898
2021-10-24,75,3,20,0,202,68,14084,804,3860,9708,81,63120,78,20,4027,139,13918
2021-10-25,119,4,14,0,210,70,14098,885,3863,9717,90,63237,123,14,4031,139,13932
2021-10-26,116,1,22,0,210,72,14120,909,3868,9729,84,63342,117,22,4032,139,13954
2021-10-27,144,4,21,0,220,71,14141,973,3875,9736,88,63479,148,21,4036,139,13975
2021-10-28,137,6,23,0,224,71,14164,1036,3876,9747,89,63611,143,23,4042,139,13998
2021-10-29,161,2,27,0,238,74,14191,1114,3882,9756,96,63760,163,27,4044,139,14025
2021-10-30,140,0,13,0,226,75,14204,1131,3886,9758,104,63891,140,13,4044,139,14038
2021-10-31,131,3,23,0,235,74,14227,1188,3889,9760,109,64014,134,23,4047,139,14061
2021-11-01,204,4,24,0,250,74,14251,1327,3895,9768,114,64210,208,24,4051,139,14085
2021-11-02,172,4,34,0,264,74,14285,1376,3901,9781,112,64367,176,34,4055,139,14119
2021-11-03,150,2,29,0,276,74,14314,1368,3907,9791,116,64501,152,29,4057,139,14148
2021-11-04,175,7,26,0,282,74,14340,1387,3911,9799,119,64662,182,26,4064,139,14174
2021-11-05,205,11,27,0,294,75,14367,1447,3916,9812,120,64862,216,27,4075,139,14201
2021-11-06,136,1,33,0,308,76,14400,1416,3921,9818,124,64980,137,33,4076,139,14234
2021-11-07,168,2,36,0,329,76,14436,1491,3929,9819,132,65124,170,36,4078,139,14270
2021-11-08,244,9,19,0,331,76,14455,1656,3936,9835,134,65356,253,19,4087,139,14289
2021-11-09,176,6,34,0,338,76,14489,1667,3943,9857,129,65519,182,34,4093,139,14323
2021-11-10,208,5,37,1,352,76,14527,1677,3946,9871,133,65709,213,38,4098,140,14360
2021-11-11,231,2,34,1,364,76,14562,1726,3956,9882,137,65922,233,35,4100,141,14394
2021-11-12,230,3,44,0,384,76,14607,1766,3969,9897,136,66133,233,44,4103,141,14438
2021-11-13,193,3,25,0,382,76,14632,1756,3975,9905,140,66313,196,25,4106,141,14463
2021-11-14,219,7,35,0,399,76,14667,1843,3984,9908,154,66517,226,35,4113,141,14498
2021-11-15,300,8,37,0,410,76,14704,2021,3989,9921,164,66798,308,37,4121,141,14535
2021-11-16,269,7,50,0,430,75,14754,2062,3992,9941,169,67039,276,50,4128,141,14585
2021-11-17,245,14,38,0,438,75,14792,2056,4004,9954,176,67273,259,38,4142,141,14623
2021-11-18,253,9,50,0,455,75,14842,2059,4012,9973,172,67505,262,50,4151,141,14673
2021-11-19,329,6,38,1,472,75,14881,2155,4025,9996,170,67812,335,39,4157,142,14711
2021-11-20,232,5,40,0,478,73,14921,2091,4036,10003,179,68024,237,40,4162,142,14751
2021-11-21,270,2,48,0,501,74,14969,2166,4045,10009,198,68262,272,48,4164,142,14799
2021-11-22,354,10,59,2,526,75,15030,2360,4049,10030,206,68581,364,61,4174,144,14858
2021-11-23,288,9,44,0,537,76,15075,2395,4061,10054,201,68839,297,44,4183,144,14902
2021-11-24,298,3,50,0,554,77,15125,2376,4074,10072,200,69094,301,50,4186,144,14952
2021-11-25,323,7,56,0,579,77,15181,2412,4092,10097,215,69384,330,56,4193,144,15008
2021-11-26,355,3,52,0,574,76,15233,2457,4102,10125,212,69698,358,52,4196,144,15060
2021-11-27,222,5,59,0,595,76,15292,2317,4111,10137,229,69886,227,59,4201,144,15119
2021-11-28,252,7,53,0,605,76,15346,2373,4124,10144,246,70107,259,53,4208,144,15172
2021-11-29,365,3,55,0,626,76,15401,2564,4134,10173,244,70443,368,55,4211,144,15227
2021-11-30,312,9,55,0,644,76,15456,2553,4156,10207,249,70726,321,55,4220,144,15282
2021-12-01,347,6,64,2,646,76,15522,2504,4173,10236,250,71019,353,66,4226,146,15346
2021-12-02,289,6,43,1,640,77,15567,2459,4184,10266,251,71270,295,44,4232,147,15389
2021-12-03,295,4,42,0,637,77,15609,2419,4200,10297,254,71539,299,42,4236,147,15431
2021-12-04,234,2,42,0,625,78,15651,2284,4212,10305,270,71742,236,42,4238,147,15473
2021-12-05,219,2,49,0,636,77,15700,2285,4216,10318,288,71932,221,49,4240,147,15522
2021-12-06,339,8,51,0,654,78,15751,2429,4225,10353,285,72234,347,51,4248,147,15573
2021-12-07,308,10,53,0,665,78,15804,2421,4236,10391,286,72514,318,53,4258,147,15626
2021-12-08,315,7,60,0,672,77,15864,2417,4248,10420,289,72789,322,60,4265,147,15686
2021-12-09,272,6,54,2,682,78,15919,2378,4263,10456,285,73029,278,56,4271,149,15740
2021-12-10,311,6,48,1,685,78,15967,2366,4277,10487,283,73317,317,49,4277,150,15788
2021-12-11,207,5,25,1,661,78,15992,2225,4283,10502,297,73504,212,26,4282,151,15813
2021-12-12,189,1,46,1,674,77,16038,2228,4296,10510,320,73664,190,47,4283,152,15859
2021-12-13,259,5,44,0,670,77,16082,2304,4306,10541,327,73887,264,44,4288,152,15903
2021-12-14,231,8,31,0,654,77,16114,2230,4313,10578,318,74098,239,31,4296,152,15934
2021-12-15,231,6,38,1,657,77,16152,2129,4323,10601,324,74300,237,39,4302,153,15972
2021-12-16,206,7,39,0,654,77,16191,2044,4334,10643,308,74477,213,39,4309,153,16011
2021-12-17,203,5,47,0,662,78,16238,1961,4346,10683,300,74644,208,47,4314,153,16058
2021-12-18,131,6,26,1,642,78,16265,1803,4355,10692,319,74765,137,27,4320,154,16084
2021-12-19,161,5,31,0,634,78,16296,1790,4366,10695,341,74901,166,31,4325,154,16115
2021-12-20,219,3,37,0,633,78,16333,1915,4381,10737,328,75102,222,37,4328,154,16152
2021-12-21,190,5,32,0,624,78,16365,1859,4392,10773,319,75269,195,32,4333,154,16184
2021-12-22,172,5,18,0,602,78,16383,1770,4400,10814,315,75428,177,18,4338,154,16202
2021-12-23,138,3,24,0,580,78,16407,1701,4412,10851,302,75549,141,24,4341,154,16226
2021-12-24,169,3,26,0,569,78,16433,1658,4428,10892,290,75695,172,26,4344,154,16252
2021-12-25,117,1,28,0,549,77,16461,1491,4436,10905,298,75792,118,28,4345,154,16280
2021-12-26,112,0,30,0,549,77,16491,1479,4444,10909,312,75890,112,30,4345,154,16310
2021-12-27,214,5,38,0,561,77,16529,1593,4456,10944,306,76077,219,38,4350,154,16348
2021-12-28,184,6,28,0,547,77,16557,1594,4474,10983,284,76250,190,28,4356,154,16376
2021-12-29,147,4,19,0,530,78,16576,1540,4488,11023,270,76382,151,19,4360,154,16395
2021-12-30,147,3,25,0,513,78,16601,1481,4498,11047,265,76512,150,25,4363,154,16420
2021-12-31,135,1,16,0,497,78,16617,1405,4511,11074,259,76631,136,16,4364,154,16436
2022-01-01,103,2,21,0,485,77,16638,1288,4521,11077,269,76724,105,21,4366,154,16457
2022-01-02,103,6,24,0,487,77,16662,1314,4531,11084,273,76816,109,24,4372,154,16481
2022-01-03,163,6,32,0,499,77,16694,1417,4543,11114,271,76959,169,32,4378,154,16513
2022-01-04,149,5,14,1,475,77,16709,1398,4553,11138,262,77104,154,15,4383,155,16527
2022-01-05,132,6,15,0,465,77,16724,1344,4563,11167,259,77222,138,15,4389,155,16542
2022-01-06,121,11,21,0,450,77,16745,1314,4570,11191,261,77337,132,21,4400,155,16563
2022-01-07,173,6,15,0,432,77,16760,1340,4574,11214,263,77501,179,15,4406,155,16578
2022-01-08,90,1,20,0,424,77,16780,1236,4581,11225,274,77575,91,20,4407,155,16598
2022-01-09,124,2,28,1,423,77,16808,1260,4590,11228,282,77681,126,29,4409,156,16626
2022-01-10,151,7,23,0,426,77,16831,1350,4596,11253,280,77814,158,23,4416,156,16649
2022-01-11,119,1,13,0,408,76,16844,1285,4601,11279,277,77912,120,13,4417,156,16662
2022-01-12,104,7,11,0,390,76,16855,1217,4606,11304,272,78012,111,11,4424,156,16673
2022-01-13,100,6,13,0,374,75,16868,1184,4618,11332,263,78100,106,13,4430,156,16686
2022-01-14,135,7,13,0,355,76,16882,1170,4628,11358,259,78228,142,13,4437,156,16699
2022-01-15,100,2,13,0,333,75,16895,1110,4633,11367,266,78317,102,13,4439,156,16712
2022-01-16,94,3,11,0,323,75,16906,1106,4635,11371,268,78402,97,11,4442,156,16723
2022-01-17,146,9,9,0,327,75,16915,1195,4639,11397,258,78545,155,9,4451,156,16732
2022-01-18,118,5,7,0,313,76,16922,1150,4643,11423,246,78658,123,7,4456,156,16739
2022-01-19,161,4,16,0,311,76,16938,1170,4653,11445,239,78808,165,16,4460,156,16755
2022-01-20,161,5,12,0,300,75,16950,1183,4656,11471,228,78963,166,12,4465,156,16767
2022-01-21,163,5,9,0,291,74,16959,1199,4660,11492,219,79111,168,9,4470,156,16776
2022-01-22,118,5,5,0,278,74,16964,1153,4663,11499,226,79221,123,5,4475,156,16781
2022-01-23,141,2,9,1,271,74,16974,1205,4668,11501,233,79356,143,10,4477,157,16790
2022-01-24,190,5,13,1,271,74,16987,1303,4670,11518,231,79536,195,14,4482,158,16803
2022-01-25,164,8,14,0,269,73,17001,1308,4675,11533,230,79690,172,14,4490,158,16817
2022-01-26,175,12,9,0,260,72,17010,1321,4683,11552,228,79861,187,9,4502,158,16826
2022-01-27,176,10,21,1,257,72,17031,1325,4688,11563,231,80034,186,22,4512,159,16847
2022-01-28,173,8,8,2,247,69,17041,1319,4694,11581,233,80200,181,10,4520,161,16855
2022-01-29,151,7,8,0,227,69,17049,1294,4703,11586,237,80349,158,8,4527,161,16863
2022-01-30,157,14,10,0,218,69,17060,1339,4705,11587,243,80507,171,10,4541,161,16873
2022-01-31,229,8,19,0,228,70,17079,1469,4709,11606,243,80732,237,19,4549,161,16892
2022-02-01,202,13,15,0,223,67,17094,1529,4713,11622,235,80935,215,15,4562,161,16907
2022-02-02,190,13,15,0,225,67,17109,1520,4720,11636,229,81118,203,15,4575,161,16922
2022-02-03,151,13,20,1,232,71,17130,1481,4722,11650,225,81267,164,21,4588,162,16942
2022-02-04,119,12,12,0,231,70,17142,1432,4726,11659,230,81382,131,12,4600,162,16954
2022-02-05,54,5,4,1,219,70,17147,1334,4728,11661,235,81437,59,5,4605,163,16958
2022-02-06,15,1,8,0,218,67,17155,1282,4728,11662,236,81452,16,8,4606,163,16966
