"date","Hospital_Intake_Proven","Hospital_Intake_Suspected","IC_Intake_Proven","IC_Intake_Suspected","IC_Current","ICs_Used","IC_Cumulative","Hospital_Currently","IC_Deaths_Cumulative","IC_Discharge_Cumulative","IC_Discharge_InHospital","Hospital_Cumulative","Hospital_Intake","IC_Intake","Hosp_Intake_Suspec_Cumul","IC_Intake_Suspected_Cumul","IC_Intake_Proven_Cumsum"
2020-02-27,2,2,1,0,13,9,13,61,0,0,0,64,4,1,2,0,1
2020-02-28,4,0,0,1,14,10,14,65,0,0,0,68,4,1,2,1,1
2020-02-29,1,0,1,0,15,10,15,65,0,0,0,69,1,1,2,1,2
2020-03-01,7,1,2,0,17,11,17,72,0,0,1,76,8,2,3,1,4
2020-03-02,10,1,0,0,16,10,17,83,0,0,1,87,11,0,4,1,4
2020-03-03,8,0,2,0,18,10,19,90,0,0,1,95,8,2,4,1,6
2020-03-04,10,3,3,0,21,12,22,102,0,2,1,108,13,3,7,1,9
2020-03-05,11,1,1,1,21,14,24,111,0,2,1,119,12,2,8,2,10
2020-03-06,21,1,4,0,24,17,28,129,0,2,2,138,22,4,9,2,14
2020-03-07,7,3,3,0,26,17,31,137,0,3,1,146,10,3,12,2,17
2020-03-08,18,5,5,0,32,21,36,156,2,3,1,167,23,5,17,2,22
2020-03-09,27,5,6,2,38,22,44,181,2,3,1,197,32,8,22,4,28
2020-03-10,28,4,10,1,47,25,55,204,2,3,2,226,32,11,26,5,38
2020-03-11,44,5,9,0,54,26,64,240,4,3,2,269,49,9,31,5,47
2020-03-12,54,4,23,0,74,32,87,283,5,3,2,320,58,23,35,5,70
2020-03-13,76,4,13,0,84,35,100,352,5,4,2,398,80,13,39,5,83
2020-03-14,61,3,21,0,103,44,121,391,5,7,5,452,64,21,42,5,104
2020-03-15,69,8,28,1,126,51,150,439,7,7,6,523,77,29,50,6,132
2020-03-16,142,19,33,0,156,57,183,572,12,8,6,677,161,33,69,6,165
2020-03-17,145,12,35,0,184,60,218,656,14,8,9,816,157,35,81,6,200
2020-03-18,177,14,56,0,235,65,274,784,17,12,10,993,191,56,95,6,256
2020-03-19,261,24,66,2,295,70,342,993,25,12,12,1261,285,68,119,8,322
2020-03-20,240,25,82,1,366,71,425,1165,30,14,17,1505,265,83,144,9,404
2020-03-21,204,13,81,3,436,70,509,1245,41,16,27,1686,217,84,157,12,485
2020-03-22,236,18,74,1,487,71,584,1347,47,18,30,1909,254,75,175,13,559
2020-03-23,454,23,97,3,578,71,685,1674,64,21,42,2345,477,100,198,16,656
2020-03-24,428,25,111,1,657,73,797,1927,74,25,47,2754,453,112,223,17,767
2020-03-25,442,22,120,2,757,74,918,2145,85,31,54,3168,464,122,245,19,887
2020-03-26,443,32,111,4,844,74,1033,2341,103,41,57,3592,475,115,277,23,998
2020-03-27,562,34,114,1,928,74,1150,2602,117,47,74,4129,596,115,311,24,1112
2020-03-28,303,23,102,2,992,74,1254,2540,135,51,90,4403,326,104,334,26,1214
2020-03-29,258,17,91,2,1041,74,1347,2493,160,61,103,4629,275,93,351,28,1305
2020-03-30,442,29,127,2,1125,74,1476,2639,180,69,122,5029,471,129,380,30,1432
2020-03-31,309,40,111,1,1191,74,1588,2566,214,86,132,5318,349,112,420,31,1543
2020-04-01,316,36,75,2,1207,75,1664,2470,238,104,142,5623,352,77,456,33,1618
2020-04-02,350,37,96,2,1250,75,1762,2447,260,119,153,5953,387,98,493,35,1714
2020-04-03,340,50,77,0,1277,75,1839,2453,292,140,161,6302,390,77,543,35,1791
2020-04-04,187,24,64,3,1283,74,1906,2242,311,154,177,6467,211,67,567,38,1855
2020-04-05,230,21,75,3,1310,75,1985,2193,335,163,197,6665,251,78,588,41,1930
2020-04-06,328,51,61,1,1317,75,2047,2313,355,187,210,7003,379,62,639,42,1991
2020-04-07,204,51,60,2,1319,76,2109,2172,383,211,240,7219,255,62,690,44,2051
2020-04-08,209,32,58,0,1288,76,2167,2033,400,236,251,7420,241,58,722,44,2109
2020-04-09,188,35,52,1,1285,76,2220,1857,412,263,257,7605,223,53,757,45,2161
2020-04-10,205,38,49,1,1293,75,2271,1768,440,290,264,7815,243,50,795,46,2210
2020-04-11,133,20,28,2,1261,75,2301,1581,455,311,283,7946,153,30,815,48,2238
2020-04-12,137,32,33,1,1242,75,2335,1525,470,329,311,8097,169,34,847,49,2271
2020-04-13,167,31,45,1,1226,75,2380,1517,491,344,335,8261,198,46,878,50,2316
2020-04-14,162,33,35,2,1203,76,2417,1529,503,394,328,8430,195,37,911,52,2351
2020-04-15,119,16,24,1,1178,76,2442,1442,519,448,327,8547,135,25,927,53,2375
2020-04-16,117,22,28,2,1145,76,2472,1332,538,499,311,8664,139,30,949,55,2403
2020-04-17,139,24,25,1,1114,77,2498,1290,556,547,309,8802,163,26,973,56,2428
2020-04-18,80,15,19,0,1069,76,2517,1149,567,570,326,8875,95,19,988,56,2447
2020-04-19,82,16,20,1,1039,76,2537,1124,586,576,350,8955,98,21,1004,57,2467
2020-04-20,111,21,26,1,1018,76,2564,1162,605,629,337,9059,132,27,1025,58,2493
2020-04-21,118,25,23,0,982,76,2587,1115,625,682,336,9173,143,23,1050,58,2516
2020-04-22,91,21,15,0,924,77,2602,1035,642,728,332,9271,112,15,1071,58,2531
2020-04-23,95,35,16,0,882,77,2618,993,654,775,309,9384,130,16,1106,58,2547
2020-04-24,78,24,18,1,866,76,2637,936,666,840,275,9469,102,19,1130,59,2565
2020-04-25,42,20,14,0,834,76,2651,807,681,856,284,9523,62,14,1150,59,2579
2020-04-26,43,23,13,0,806,76,2664,778,690,866,297,9578,66,13,1173,59,2592
2020-04-27,60,17,14,0,785,76,2678,763,701,875,314,9644,77,14,1190,59,2606
2020-04-28,91,25,14,1,764,76,2694,780,707,926,298,9740,116,15,1215,60,2620
2020-04-29,60,18,12,0,736,76,2706,721,713,963,297,9801,78,12,1233,60,2632
2020-04-30,63,18,17,2,713,76,2725,696,726,1005,283,9870,81,19,1251,62,2649
2020-05-01,52,8,9,0,678,76,2734,642,728,1044,287,9919,60,9,1259,62,2658
2020-05-02,27,12,9,2,641,76,2745,559,737,1059,287,9952,39,11,1271,64,2667
2020-05-03,37,9,11,0,627,76,2756,543,742,1066,302,9988,46,11,1280,64,2678
2020-05-04,59,24,11,2,617,76,2768,592,748,1109,296,10058,83,13,1304,66,2689
2020-05-05,28,7,3,0,575,76,2771,525,753,1124,309,10089,35,3,1311,66,2692
2020-05-06,59,15,7,0,549,73,2778,539,759,1161,301,10154,74,7,1326,66,2699
2020-05-07,46,13,9,1,527,72,2788,513,767,1201,294,10201,59,10,1339,67,2708
2020-05-08,56,25,7,1,496,72,2796,512,772,1238,279,10275,81,8,1364,68,2715
2020-05-09,30,5,5,0,474,72,2801,464,777,1246,288,10306,35,5,1369,68,2720
2020-05-10,25,12,4,0,455,72,2805,446,778,1249,297,10336,37,4,1381,68,2724
2020-05-11,44,19,7,1,449,73,2813,475,785,1290,292,10394,63,8,1400,69,2731
2020-05-12,27,20,2,0,407,71,2815,446,788,1332,268,10436,47,2,1420,69,2733
2020-05-13,37,19,3,1,391,71,2819,421,793,1367,266,10486,56,4,1439,70,2736
2020-05-14,26,13,8,1,365,71,2828,387,797,1394,252,10516,39,9,1452,71,2744
2020-05-15,31,13,3,1,349,71,2832,366,804,1430,229,10555,44,4,1465,72,2747
2020-05-16,18,4,7,1,334,70,2840,323,806,1439,229,10573,22,8,1469,73,2754
2020-05-17,30,10,4,0,327,70,2844,337,807,1443,233,10608,40,4,1479,73,2758
2020-05-18,36,12,4,0,322,70,2848,369,807,1476,235,10650,48,4,1491,73,2762
2020-05-19,17,10,1,1,289,67,2850,345,809,1508,214,10675,27,2,1501,74,2763
2020-05-20,31,13,2,0,278,66,2852,331,815,1537,201,10713,44,2,1514,74,2765
2020-05-21,14,5,2,0,257,66,2854,297,819,1542,207,10727,19,2,1519,74,2767
2020-05-22,32,17,4,0,246,65,2858,327,822,1575,190,10770,49,4,1536,74,2771
2020-05-23,14,8,4,0,231,64,2862,291,823,1578,194,10789,22,4,1544,74,2775
2020-05-24,17,16,7,0,230,64,2869,283,824,1578,204,10813,33,7,1560,74,2782
2020-05-25,35,21,1,0,220,63,2870,318,825,1601,208,10864,56,1,1581,74,2783
2020-05-26,25,10,4,0,197,64,2874,312,829,1622,199,10896,35,4,1591,74,2787
2020-05-27,16,10,3,1,183,60,2878,282,830,1645,184,10918,26,4,1601,75,2790
2020-05-28,16,8,1,0,175,59,2879,261,832,1675,165,10937,24,1,1609,75,2791
2020-05-29,24,12,1,2,165,58,2882,263,835,1696,152,10968,36,3,1621,77,2792
2020-05-30,19,5,3,0,156,57,2885,246,835,1703,146,10989,24,3,1626,77,2795
2020-05-31,12,7,3,0,158,57,2888,241,835,1703,153,11007,19,3,1633,77,2798
2020-06-01,15,6,5,0,156,58,2893,245,838,1703,156,11024,21,5,1639,77,2803
2020-06-02,24,17,1,0,151,58,2894,267,839,1727,150,11060,41,1,1656,77,2804
2020-06-03,19,9,5,0,137,55,2899,259,844,1748,133,11079,28,5,1665,77,2809
2020-06-04,14,16,5,1,135,56,2905,244,847,1768,116,11100,30,6,1681,78,2814
2020-06-05,9,12,3,0,132,54,2908,227,847,1779,108,11118,21,3,1693,78,2817
2020-06-06,4,5,2,0,130,54,2910,193,848,1781,109,11125,9,2,1698,78,2819
2020-06-07,5,11,3,0,129,54,2913,193,848,1783,109,11139,16,3,1709,78,2822
2020-06-08,11,6,0,0,127,54,2913,193,848,1800,101,11156,17,0,1715,78,2822
2020-06-09,9,8,2,0,120,53,2915,173,849,1813,93,11171,17,2,1723,78,2824
2020-06-10,5,6,2,0,117,53,2917,157,850,1825,84,11180,11,2,1729,78,2826
2020-06-11,14,10,1,0,113,53,2918,161,850,1837,77,11200,24,1,1739,78,2827
2020-06-12,8,3,3,0,110,51,2921,152,851,1847,71,11210,11,3,1742,78,2830
2020-06-13,4,4,2,0,108,49,2923,133,852,1847,71,11216,8,2,1746,78,2832
2020-06-14,3,5,0,0,107,48,2923,132,854,1849,69,11224,8,0,1751,78,2832
2020-06-15,5,4,1,0,106,48,2924,135,855,1867,61,11232,9,1,1755,78,2833
2020-06-16,8,7,2,0,97,47,2926,135,858,1872,61,11246,15,2,1762,78,2835
2020-06-17,7,6,0,0,88,44,2926,127,860,1879,59,11257,13,0,1768,78,2835
2020-06-18,4,10,1,0,81,43,2927,128,861,1886,60,11270,14,1,1778,78,2836
2020-06-19,4,6,0,0,74,43,2927,124,862,1894,52,11279,10,0,1784,78,2836
2020-06-20,4,4,2,0,74,43,2929,105,863,1895,55,11284,8,2,1788,78,2838
2020-06-21,5,7,0,0,70,41,2929,106,864,1895,55,11295,12,0,1795,78,2838
2020-06-22,7,6,3,0,72,43,2932,109,865,1899,58,11307,13,3,1801,78,2841
2020-06-23,6,9,1,0,65,40,2933,110,866,1906,55,11317,15,1,1810,78,2842
2020-06-24,5,11,1,0,61,39,2934,109,867,1912,50,11332,16,1,1821,78,2843
2020-06-25,9,7,0,1,60,37,2935,116,867,1918,50,11346,16,1,1828,79,2843
2020-06-26,2,6,0,0,54,34,2935,112,868,1922,50,11352,8,0,1834,79,2843
2020-06-27,2,2,0,0,49,32,2935,91,869,1922,53,11356,4,0,1836,79,2843
2020-06-28,5,3,0,0,45,31,2935,95,869,1922,53,11364,8,0,1839,79,2843
2020-06-29,8,5,0,0,45,31,2935,104,869,1927,50,11374,13,0,1844,79,2843
2020-06-30,3,5,2,0,45,31,2937,90,869,1934,46,11379,8,2,1849,79,2845
2020-07-01,4,5,0,0,41,28,2937,88,869,1939,42,11388,9,0,1854,79,2845
2020-07-02,4,2,2,1,43,31,2940,81,870,1943,40,11391,6,3,1856,80,2847
2020-07-03,6,4,0,0,40,30,2940,81,870,1953,30,11399,10,0,1860,80,2847
2020-07-04,0,3,1,0,41,30,2941,71,870,1953,32,11401,3,1,1863,80,2848
2020-07-05,2,6,0,0,39,28,2941,74,870,1954,32,11407,8,0,1869,80,2848
2020-07-06,2,4,0,0,38,27,2941,78,871,1959,29,11413,6,0,1873,80,2848
2020-07-07,4,4,1,0,36,26,2942,80,872,1961,29,11420,8,1,1877,80,2849
2020-07-08,4,3,2,0,33,26,2944,78,872,1966,25,11426,7,2,1880,80,2851
2020-07-09,6,5,1,0,33,25,2945,78,872,1970,21,11434,11,1,1885,80,2852
2020-07-10,7,6,1,0,34,25,2946,88,872,1970,22,11445,13,1,1891,80,2853
2020-07-11,2,2,0,0,32,23,2946,80,872,1970,22,11448,4,0,1893,80,2853
2020-07-12,3,3,1,0,33,23,2947,80,873,1972,21,11451,6,1,1896,80,2854
2020-07-13,5,4,0,0,32,23,2947,87,874,1973,22,11460,9,0,1900,80,2854
2020-07-14,6,4,0,0,29,23,2947,88,874,1974,22,11469,10,0,1904,80,2854
2020-07-15,2,4,1,0,29,23,2948,81,874,1976,22,11474,6,1,1908,80,2855
2020-07-16,2,6,1,0,28,23,2949,77,874,1981,17,11481,8,1,1914,80,2856
2020-07-17,6,1,0,0,28,22,2949,75,874,1981,18,11487,7,0,1915,80,2856
2020-07-18,6,7,0,0,27,22,2949,82,874,1981,18,11500,13,0,1922,80,2856
2020-07-19,7,1,1,0,28,22,2950,85,874,1981,19,11508,8,1,1923,80,2857
2020-07-20,4,4,0,1,28,23,2951,88,875,1986,15,11515,8,1,1927,81,2857
2020-07-21,6,6,2,2,30,24,2954,88,875,1988,16,11525,12,4,1933,83,2859
2020-07-22,4,1,1,0,30,23,2955,77,876,1992,14,11529,5,1,1934,83,2860
2020-07-23,10,6,1,0,27,21,2956,84,876,1994,14,11543,16,1,1940,83,2861
2020-07-24,10,0,1,0,25,19,2957,81,876,1998,14,11552,10,1,1940,83,2862
2020-07-25,10,3,1,0,22,19,2958,84,876,1999,15,11564,13,1,1943,83,2863
2020-07-26,4,2,3,0,23,20,2961,86,876,1999,15,11568,6,3,1945,83,2866
2020-07-27,6,5,3,0,26,21,2964,94,876,2001,13,11578,11,3,1950,83,2869
2020-07-28,10,2,0,0,26,21,2964,97,876,2002,12,11590,12,0,1952,83,2869
2020-07-29,4,0,0,0,25,21,2964,88,877,2004,12,11593,4,0,1952,83,2869
2020-07-30,15,3,3,0,27,22,2967,92,877,2006,10,11610,18,3,1955,83,2872
2020-07-31,11,1,4,0,30,24,2971,96,879,2006,9,11620,12,4,1956,83,2876
2020-08-01,8,3,2,0,31,24,2973,97,879,2007,9,11630,11,2,1959,83,2878
2020-08-02,11,2,2,0,32,24,2975,107,879,2007,9,11642,13,2,1961,83,2880
2020-08-03,15,3,3,0,35,24,2978,117,879,2007,10,11659,18,3,1964,83,2883
2020-08-04,8,3,3,0,37,26,2981,110,880,2008,11,11668,11,3,1967,83,2886
2020-08-05,8,3,2,0,36,25,2983,105,880,2011,8,11678,11,2,1970,83,2888
2020-08-06,11,2,3,0,39,27,2986,104,881,2012,7,11688,13,3,1972,83,2891
2020-08-07,14,2,1,0,39,27,2987,111,881,2013,6,11704,16,1,1974,83,2892
2020-08-08,18,1,1,0,40,28,2988,118,881,2013,7,11723,19,1,1975,83,2893
2020-08-09,19,4,5,1,45,32,2994,131,883,2014,10,11742,23,6,1979,84,2898
2020-08-10,15,4,4,0,43,32,2997,141,883,2015,10,11761,19,4,1983,84,2902
2020-08-11,27,7,3,1,46,32,3000,161,884,2016,12,11793,34,4,1990,85,2905
2020-08-12,20,1,4,0,46,30,3004,164,884,2017,17,11810,21,4,1991,85,2909
2020-08-13,19,4,4,0,43,30,3008,162,884,2017,18,11830,23,4,1995,85,2913
2020-08-14,12,3,6,0,48,32,3014,158,884,2018,20,11841,15,6,1998,85,2919
2020-08-15,15,3,1,0,46,32,3015,154,885,2018,22,11859,18,1,2001,85,2920
2020-08-16,17,4,4,0,47,33,3019,162,885,2019,21,11878,21,4,2005,85,2924
2020-08-17,19,8,7,1,55,37,3027,179,887,2022,22,11902,27,8,2013,86,2931
2020-08-18,11,1,2,0,51,37,3029,174,887,2026,21,11912,12,2,2014,86,2933
2020-08-19,17,2,3,0,50,36,3032,177,887,2032,19,11927,19,3,2016,86,2936
2020-08-20,24,2,6,0,52,39,3038,186,888,2035,15,11949,26,6,2018,86,2942
2020-08-21,18,9,5,0,55,38,3043,180,889,2038,15,11972,27,5,2027,86,2947
2020-08-22,10,4,0,0,51,36,3043,160,889,2038,17,11986,14,0,2031,86,2947
2020-08-23,14,2,5,0,53,38,3048,161,889,2039,17,11998,16,5,2033,86,2952
2020-08-24,11,4,2,0,53,39,3050,165,890,2040,23,12011,15,2,2037,86,2954
2020-08-25,19,3,3,0,48,34,3053,171,890,2041,24,12030,22,3,2040,86,2957
2020-08-26,12,6,0,0,46,34,3053,161,890,2047,21,12048,18,0,2046,86,2957
2020-08-27,7,1,2,1,46,33,3056,146,890,2051,21,12055,8,3,2047,87,2959
2020-08-28,12,2,2,0,44,34,3058,148,891,2056,17,12067,14,2,2049,87,2961
2020-08-29,2,2,3,0,44,33,3061,131,891,2057,16,12070,4,3,2051,87,2964
2020-08-30,10,2,3,0,49,36,3064,133,892,2057,17,12082,12,3,2053,87,2967
2020-08-31,16,3,1,0,48,35,3065,144,894,2060,17,12100,19,1,2056,87,2968
2020-09-01,14,1,2,0,44,36,3067,143,895,2062,17,12113,15,2,2057,87,2970
2020-09-02,17,9,2,0,43,35,3069,149,895,2064,17,12136,26,2,2066,87,2972
2020-09-03,12,3,3,0,44,33,3072,144,895,2067,14,12149,15,3,2069,87,2975
2020-09-04,17,5,4,0,48,35,3076,151,896,2068,17,12169,22,4,2074,87,2979
2020-09-05,18,3,1,0,44,34,3077,151,896,2068,18,12188,21,1,2077,87,2980
2020-09-06,23,6,4,0,48,35,3081,169,896,2068,19,12211,29,4,2083,87,2984
2020-09-07,29,5,3,0,49,35,3084,190,896,2069,21,12242,34,3,2088,87,2987
2020-09-08,23,5,3,0,48,32,3087,204,897,2069,24,12269,28,3,2093,87,2990
2020-09-09,34,10,4,0,49,32,3091,224,898,2071,23,12311,44,4,2103,87,2994
2020-09-10,18,4,5,0,52,32,3096,218,899,2073,21,12330,22,5,2107,87,2999
2020-09-11,42,3,6,0,57,34,3102,238,899,2075,21,12367,45,6,2110,87,3005
2020-09-12,20,1,6,0,61,36,3108,235,899,2076,22,12386,21,6,2111,87,3011
2020-09-13,25,5,4,0,63,37,3112,248,899,2076,22,12414,30,4,2116,87,3015
2020-09-14,52,8,10,1,74,39,3123,289,900,2079,23,12471,60,11,2124,88,3025
2020-09-15,40,3,4,0,74,39,3127,297,901,2083,24,12511,43,4,2127,88,3029
2020-09-16,48,8,1,0,69,40,3128,324,902,2084,26,12565,56,1,2135,88,3030
2020-09-17,54,8,4,0,69,41,3132,342,902,2089,24,12623,62,4,2143,88,3034
2020-09-18,80,2,7,0,73,40,3139,380,902,2091,24,12695,82,7,2145,88,3041
2020-09-19,60,5,14,0,86,45,3153,398,903,2093,23,12753,65,14,2150,88,3055
2020-09-20,51,2,13,0,97,47,3166,418,904,2093,26,12797,53,13,2152,88,3068
2020-09-21,81,3,13,0,106,49,3179,470,907,2096,23,12876,84,13,2155,88,3081
2020-09-22,71,3,10,0,113,52,3190,499,907,2099,24,12944,74,10,2158,88,3091
2020-09-23,96,6,13,0,122,54,3203,542,908,2104,23,13037,102,13,2164,88,3104
2020-09-24,106,7,11,0,129,57,3214,591,909,2106,24,13142,113,11,2171,88,3115
2020-09-25,92,6,18,0,143,58,3232,619,911,2110,24,13228,98,18,2177,88,3133
2020-09-26,79,2,13,0,148,60,3245,614,912,2111,29,13301,81,13,2179,88,3146
2020-09-27,82,4,17,1,159,60,3263,647,914,2111,36,13377,86,18,2183,89,3163
2020-09-28,112,3,15,0,166,61,3278,702,916,2115,43,13482,115,15,2186,89,3178
2020-09-29,100,6,22,1,176,63,3301,739,918,2118,51,13575,106,23,2192,90,3200
2020-09-30,113,2,15,2,179,63,3317,757,921,2121,55,13682,115,17,2194,92,3215
2020-10-01,111,13,13,1,184,65,3330,786,925,2129,55,13799,124,14,2207,93,3228
2020-10-02,122,4,14,0,184,64,3344,808,925,2132,61,13913,126,14,2211,93,3242
2020-10-03,137,5,19,0,193,68,3363,829,927,2136,65,14043,142,19,2216,93,3261
2020-10-04,104,3,21,0,204,68,3384,869,932,2140,68,14142,107,21,2219,93,3282
2020-10-05,165,5,28,0,218,67,3412,973,935,2144,71,14300,170,28,2224,93,3310
2020-10-06,156,3,34,0,240,69,3446,1018,937,2156,74,14442,159,34,2227,93,3344
2020-10-07,147,5,29,1,253,69,3476,1041,941,2165,76,14582,152,30,2232,94,3373
2020-10-08,161,4,22,0,258,69,3498,1070,944,2172,77,14731,165,22,2236,94,3395
2020-10-09,209,6,28,0,274,70,3526,1145,955,2182,83,14925,215,28,2242,94,3423
2020-10-10,152,3,27,0,274,70,3553,1127,958,2192,82,15063,155,27,2245,94,3450
2020-10-11,159,3,19,0,280,68,3572,1185,965,2196,91,15217,162,19,2248,94,3469
2020-10-12,241,3,41,0,303,68,3613,1332,969,2206,91,15434,244,41,2251,94,3510
2020-10-13,247,6,36,0,322,72,3649,1429,972,2219,90,15664,253,36,2257,94,3546
2020-10-14,205,4,35,0,342,72,3684,1423,978,2226,96,15850,209,35,2261,94,3581
2020-10-15,219,7,36,3,361,72,3722,1451,980,2235,106,16047,226,39,2268,97,3617
2020-10-16,221,6,55,0,398,73,3777,1500,992,2255,106,16245,227,55,2274,97,3672
2020-10-17,214,3,30,0,393,74,3807,1491,998,2261,111,16439,217,30,2277,97,3702
2020-10-18,188,5,41,0,415,74,3848,1525,1003,2266,121,16604,193,41,2282,97,3743
2020-10-19,283,12,58,1,453,76,3908,1677,1008,2277,129,16861,295,59,2294,98,3801
2020-10-20,243,14,49,1,479,74,3958,1736,1016,2295,131,17082,257,50,2308,99,3850
2020-10-21,273,3,49,0,495,75,4007,1769,1026,2308,139,17329,276,49,2311,99,3899
2020-10-22,281,4,43,0,508,75,4050,1841,1034,2329,148,17587,285,43,2315,99,3942
2020-10-23,310,10,53,0,522,75,4103,1922,1053,2347,144,17876,320,53,2325,99,3995
2020-10-24,208,7,38,1,528,75,4142,1852,1060,2358,160,18064,215,39,2332,100,4033
2020-10-25,252,7,48,0,544,74,4190,1923,1076,2368,167,18289,259,48,2339,100,4081
2020-10-26,341,3,59,0,570,76,4249,2084,1082,2386,183,18590,344,59,2342,100,4140
2020-10-27,292,3,49,0,581,77,4298,2092,1094,2412,177,18851,295,49,2345,100,4189
2020-10-28,276,7,51,0,599,76,4349,2070,1100,2433,188,19103,283,51,2352,100,4240
2020-10-29,273,9,46,1,610,76,4396,2041,1109,2453,190,19345,282,47,2361,101,4286
2020-10-30,290,12,42,0,617,75,4438,2061,1121,2476,194,19612,302,42,2373,101,4328
2020-10-31,201,6,48,0,625,76,4486,1982,1138,2485,201,19795,207,48,2379,101,4376
2020-11-01,220,3,43,0,633,77,4529,2004,1149,2493,217,19989,223,43,2382,101,4419
2020-11-02,385,12,59,0,658,77,4589,2213,1158,2519,221,20341,397,59,2394,101,4478
2020-11-03,239,5,31,1,653,77,4621,2160,1169,2546,217,20555,244,32,2399,102,4509
2020-11-04,246,5,39,0,658,76,4661,2093,1182,2576,212,20763,251,39,2404,102,4548
2020-11-05,242,4,35,0,650,76,4696,2022,1198,2608,202,20979,246,35,2408,102,4583
2020-11-06,241,9,35,0,647,76,4731,1947,1214,2635,207,21202,250,35,2417,102,4618
2020-11-07,153,9,39,0,639,76,4770,1797,1226,2644,222,21332,162,39,2426,102,4657
2020-11-08,160,2,44,0,644,76,4814,1777,1237,2654,241,21463,162,44,2428,102,4701
2020-11-09,296,6,41,0,645,77,4855,1922,1250,2688,229,21730,302,41,2434,102,4742
2020-11-10,226,7,37,0,648,77,4892,1859,1265,2717,226,21927,233,37,2441,102,4779
2020-11-11,235,4,36,0,643,77,4928,1814,1276,2746,220,22131,239,36,2445,102,4815
2020-11-12,206,9,41,0,648,77,4969,1763,1288,2773,211,22309,215,41,2454,102,4856
2020-11-13,246,6,31,0,650,77,5000,1744,1303,2812,210,22529,252,31,2460,102,4887
2020-11-14,141,3,22,1,618,77,5023,1609,1314,2819,223,22648,144,23,2463,103,4909
2020-11-15,146,9,34,0,621,76,5057,1604,1332,2828,238,22777,155,34,2472,103,4943
2020-11-16,255,16,36,0,617,76,5093,1751,1348,2854,237,23005,271,36,2488,103,4979
2020-11-17,201,10,29,0,604,76,5122,1722,1364,2886,233,23186,211,29,2498,103,5008
2020-11-18,194,7,31,0,588,76,5153,1665,1377,2912,230,23358,201,31,2505,103,5039
2020-11-19,192,12,39,0,590,76,5192,1604,1390,2942,227,23527,204,39,2517,103,5078
2020-11-20,171,5,28,1,581,76,5221,1515,1404,2972,219,23680,176,29,2522,104,5106
2020-11-21,141,2,21,0,567,76,5242,1417,1417,2979,227,23805,143,21,2524,104,5127
2020-11-22,167,7,25,0,562,76,5267,1451,1431,2985,230,23957,174,25,2531,104,5152
2020-11-23,220,8,26,0,564,76,5293,1581,1448,3015,224,24153,228,26,2539,104,5178
2020-11-24,155,13,34,0,557,76,5328,1534,1462,3044,218,24297,168,34,2552,104,5212
2020-11-25,163,4,41,1,564,77,5369,1464,1476,3071,211,24431,167,42,2556,105,5253
2020-11-26,192,7,30,0,559,76,5399,1470,1490,3092,209,24601,199,30,2563,105,5283
2020-11-27,181,10,18,0,542,75,5417,1459,1498,3124,197,24766,191,18,2573,105,5301
2020-11-28,101,3,21,0,536,75,5438,1359,1512,3132,207,24848,104,21,2576,105,5322
2020-11-29,119,2,18,0,521,75,5457,1364,1522,3136,223,24956,121,18,2578,105,5340
2020-11-30,173,5,24,2,518,75,5483,1449,1534,3164,220,25102,178,26,2583,107,5364
2020-12-01,153,1,30,0,511,75,5513,1403,1545,3186,218,25234,154,30,2584,107,5394
2020-12-02,169,4,30,0,512,75,5543,1366,1557,3210,222,25377,173,30,2588,107,5424
2020-12-03,187,3,30,0,500,75,5573,1374,1564,3227,220,25540,190,30,2591,107,5454
2020-12-04,207,10,33,0,510,76,5606,1408,1575,3260,205,25725,217,33,2601,107,5487
2020-12-05,145,5,25,0,504,76,5631,1359,1585,3264,212,25859,150,25,2606,107,5512
2020-12-06,141,5,28,0,509,76,5659,1400,1596,3270,220,25980,146,28,2611,107,5540
2020-12-07,221,8,21,0,505,75,5680,1510,1604,3294,218,26190,229,21,2619,107,5561
2020-12-08,180,8,40,0,515,75,5720,1495,1617,3322,213,26347,188,40,2627,107,5601
2020-12-09,183,6,31,0,507,76,5751,1478,1628,3350,204,26506,189,31,2633,107,5632
2020-12-10,200,7,33,1,513,76,5785,1475,1637,3371,210,26685,207,34,2640,108,5665
2020-12-11,258,11,36,0,509,76,5821,1548,1645,3393,203,26917,269,36,2651,108,5701
2020-12-12,156,3,22,0,506,75,5843,1521,1652,3401,204,27062,159,22,2654,108,5723
2020-12-13,180,8,42,0,530,75,5885,1574,1660,3403,215,27218,188,42,2662,108,5765
2020-12-14,279,9,24,1,536,75,5910,1746,1667,3432,211,27475,288,25,2671,109,5789
2020-12-15,221,3,44,1,549,76,5955,1741,1674,3452,212,27657,224,45,2674,110,5833
2020-12-16,247,6,36,0,559,76,5991,1770,1688,3479,194,27884,253,36,2680,110,5869
2020-12-17,256,11,48,0,584,76,6039,1814,1697,3504,191,28125,267,48,2691,110,5917
2020-12-18,287,4,38,1,591,77,6078,1868,1704,3528,192,28390,291,39,2695,111,5955
2020-12-19,183,6,43,0,602,77,6121,1772,1716,3532,211,28551,189,43,2701,111,5998
2020-12-20,191,4,55,0,624,77,6176,1786,1732,3540,221,28711,195,55,2705,111,6053
2020-12-21,346,3,32,0,621,76,6208,1983,1744,3571,210,29020,349,32,2708,111,6085
2020-12-22,279,6,43,0,629,76,6251,2001,1754,3600,201,29270,285,43,2714,111,6128
2020-12-23,293,7,48,0,646,77,6299,2027,1765,3625,207,29531,300,48,2721,111,6176
2020-12-24,302,11,49,1,652,78,6348,2046,1778,3659,203,29803,313,50,2732,112,6225
2020-12-25,232,5,36,0,644,78,6384,1944,1792,3665,211,30012,237,36,2737,112,6261
2020-12-26,238,5,42,0,657,78,6426,1984,1801,3671,225,30216,243,42,2742,112,6303
2020-12-27,269,3,44,0,672,78,6470,2074,1815,3677,240,30445,272,44,2745,112,6347
2020-12-28,449,5,68,0,707,78,6539,2357,1827,3703,244,30850,454,68,2750,112,6415
2020-12-29,250,3,61,0,727,78,6601,2336,1835,3728,246,31057,253,61,2753,112,6476
2020-12-30,263,9,45,1,737,78,6648,2295,1847,3757,239,31292,272,46,2762,113,6521
2020-12-31,265,5,39,1,738,77,6688,2216,1864,3778,251,31528,270,40,2767,114,6560
2021-01-01,213,3,40,0,725,77,6728,2053,1874,3792,262,31726,216,40,2770,114,6600
2021-01-02,233,2,40,0,730,77,6768,2103,1888,3800,280,31928,235,40,2772,114,6640
2021-01-03,229,7,45,0,733,77,6813,2127,1904,3811,297,32130,236,45,2779,114,6685
2021-01-04,332,5,58,0,751,77,6871,2252,1917,3837,317,32410,337,58,2784,114,6743
2021-01-05,283,6,54,0,747,78,6925,2217,1938,3878,312,32648,289,54,2790,114,6797
2021-01-06,242,8,46,0,735,78,6971,2159,1950,3920,296,32860,250,46,2798,114,6843
2021-01-07,241,7,38,0,733,78,7009,2103,1971,3957,285,33069,248,38,2805,114,6881
2021-01-08,243,7,45,0,731,78,7054,2041,1993,3997,276,33271,250,45,2812,114,6926
2021-01-09,162,2,31,0,710,78,7085,1866,2006,4009,286,33408,164,31,2814,114,6957
2021-01-10,188,3,31,0,706,77,7116,1876,2012,4019,297,33573,191,31,2817,114,6988
2021-01-11,276,8,38,1,719,78,7155,2011,2030,4053,285,33828,284,39,2825,115,7026
2021-01-12,211,8,45,0,725,78,7200,1946,2039,4097,264,34004,219,45,2833,115,7071
2021-01-13,239,6,36,0,726,77,7236,1889,2054,4131,266,34214,245,36,2839,115,7107
2021-01-14,207,8,34,1,709,78,7270,1827,2063,4168,262,34400,215,35,2847,116,7141
2021-01-15,216,9,37,0,702,78,7307,1807,2075,4199,263,34592,225,37,2856,116,7178
2021-01-16,163,3,27,0,684,77,7334,1679,2086,4207,273,34734,166,27,2859,116,7205
2021-01-17,149,6,38,0,692,77,7372,1634,2091,4214,294,34864,155,38,2865,116,7243
2021-01-18,247,9,41,0,702,77,7413,1762,2107,4250,284,35085,256,41,2874,116,7284
2021-01-19,217,6,34,1,696,77,7448,1749,2116,4287,280,35276,223,35,2880,117,7318
2021-01-20,187,4,33,0,688,76,7481,1673,2127,4320,268,35432,191,33,2884,117,7351
2021-01-21,229,9,39,0,692,76,7521,1673,2142,4354,263,35637,238,39,2893,117,7390
2021-01-22,207,7,35,0,684,76,7556,1650,2154,4394,256,35816,214,35,2900,117,7425
2021-01-23,158,4,33,0,673,77,7589,1575,2164,4407,260,35959,162,33,2904,117,7458
2021-01-24,151,1,27,0,672,77,7616,1584,2176,4411,278,36090,152,27,2905,117,7485
2021-01-25,208,6,53,1,694,77,7670,1680,2189,4450,268,36275,214,54,2911,118,7538
2021-01-26,175,8,34,0,685,77,7704,1634,2205,4480,278,36421,183,34,2919,118,7572
2021-01-27,181,6,28,0,659,78,7732,1571,2219,4505,277,36575,187,28,2925,118,7600
2021-01-28,203,3,43,1,661,77,7776,1528,2228,4531,276,36742,206,44,2928,119,7643
2021-01-29,218,6,27,0,656,78,7803,1541,2245,4560,278,36943,224,27,2934,119,7670
2021-01-30,130,4,31,0,642,78,7834,1470,2252,4572,278,37055,134,31,2938,119,7701
2021-01-31,149,6,35,2,659,78,7871,1506,2265,4577,288,37180,155,37,2944,121,7736
2021-02-01,234,6,29,1,662,78,7901,1614,2277,4611,290,37378,240,30,2950,122,7765
2021-02-02,179,7,28,0,643,78,7929,1581,2293,4642,288,37540,186,28,2957,122,7793
2021-02-03,169,8,29,0,627,78,7958,1524,2303,4685,283,37693,177,29,2965,122,7822
2021-02-04,186,11,26,0,603,78,7984,1491,2312,4726,278,37861,197,26,2976,122,7848
2021-02-05,182,12,19,0,572,77,8003,1482,2327,4766,270,38038,194,19,2988,122,7867
2021-02-06,129,3,21,0,546,77,8024,1357,2340,4774,284,38151,132,21,2991,122,7888
2021-02-07,119,2,21,0,532,77,8045,1339,2348,4779,291,38248,121,21,2993,122,7909
2021-02-08,191,4,32,0,544,78,8077,1444,2350,4818,273,38413,195,32,2997,122,7941
2021-02-09,189,5,19,1,541,78,8097,1419,2362,4862,247,38592,194,20,3002,123,7960
2021-02-10,190,5,28,0,541,77,8125,1419,2372,4898,231,38754,195,28,3007,123,7988
2021-02-11,176,9,32,0,539,75,8157,1406,2380,4928,228,38908,185,32,3016,123,8020
2021-02-12,180,4,33,0,535,75,8190,1383,2389,4958,218,39064,184,33,3020,123,8053
2021-02-13,113,3,22,0,529,76,8212,1285,2396,4967,223,39166,116,22,3023,123,8075
2021-02-14,140,5,26,0,534,76,8238,1293,2407,4971,231,39289,145,26,3028,123,8101
2021-02-15,215,4,36,0,547,76,8274,1404,2414,5005,232,39480,219,36,3032,123,8137
2021-02-16,176,5,39,0,542,78,8313,1388,2421,5037,225,39633,181,39,3037,123,8176
2021-02-17,163,10,36,1,543,78,8350,1373,2428,5064,229,39774,173,37,3047,124,8212
2021-02-18,193,9,25,1,530,78,8376,1380,2434,5087,230,39952,202,26,3056,125,8237
2021-02-19,158,5,32,0,533,77,8408,1358,2442,5122,219,40095,163,32,3061,125,8269
2021-02-20,124,3,40,0,539,77,8448,1261,2449,5130,224,40195,127,40,3064,125,8309
2021-02-21,126,7,36,0,556,77,8484,1261,2453,5135,236,40299,133,36,3071,125,8345
2021-02-22,211,9,32,0,567,77,8516,1372,2463,5161,240,40490,220,32,3080,125,8377
2021-02-23,161,6,25,0,553,77,8541,1360,2468,5184,245,40629,167,25,3086,125,8402
2021-02-24,176,8,30,1,550,77,8572,1344,2478,5217,235,40787,184,31,3094,126,8432
2021-02-25,154,7,47,0,561,78,8619,1305,2486,5240,249,40910,161,47,3101,126,8479
2021-02-26,191,8,29,0,546,77,8648,1291,2494,5265,255,41073,199,29,3109,126,8508
2021-02-27,132,3,20,0,527,77,8669,1235,2498,5278,260,41192,135,20,3112,126,8528
2021-02-28,146,9,42,0,546,77,8711,1250,2504,5282,272,41313,155,42,3121,126,8570
2021-03-01,230,8,50,1,577,78,8762,1374,2513,5318,271,41508,238,51,3129,127,8620
2021-03-02,168,7,39,0,571,78,8801,1354,2526,5360,261,41642,175,39,3136,127,8659
2021-03-03,147,6,34,0,560,78,8835,1305,2532,5394,250,41762,153,34,3142,127,8693
2021-03-04,170,5,42,0,573,78,8877,1287,2540,5426,251,41903,175,42,3147,127,8735
2021-03-05,171,9,37,0,568,78,8914,1272,2545,5464,243,42059,180,37,3156,127,8772
2021-03-06,114,9,37,0,576,78,8951,1190,2555,5476,251,42159,123,37,3165,127,8809
2021-03-07,150,5,33,0,577,76,8984,1212,2561,5486,252,42292,155,33,3170,127,8842
2021-03-08,219,9,42,0,601,77,9026,1324,2570,5513,258,42482,228,42,3179,127,8884
2021-03-09,182,8,35,0,592,78,9061,1324,2574,5551,247,42646,190,35,3187,127,8919
2021-03-10,182,11,43,0,603,78,9104,1296,2581,5579,251,42805,193,43,3198,127,8962
2021-03-11,188,4,42,0,604,78,9146,1284,2591,5606,253,42958,192,42,3202,127,9004
2021-03-12,185,7,31,0,594,78,9177,1288,2604,5640,253,43124,192,31,3209,127,9035
2021-03-13,160,8,34,0,580,78,9211,1249,2610,5649,270,43269,168,34,3217,127,9069
2021-03-14,154,6,41,0,585,78,9252,1276,2618,5654,288,43401,160,41,3223,127,9110
2021-03-15,218,3,45,0,600,78,9297,1397,2626,5694,274,43591,221,45,3226,127,9155
2021-03-16,209,4,45,0,610,78,9342,1403,2638,5731,281,43772,213,45,3230,127,9200
2021-03-17,191,9,38,0,591,78,9380,1391,2651,5763,282,43936,200,38,3239,127,9238
2021-03-18,230,8,54,0,599,77,9434,1433,2661,5794,277,44136,238,54,3247,127,9292
2021-03-19,219,3,48,0,611,77,9482,1440,2670,5838,254,44327,222,48,3250,127,9340
2021-03-20,174,2,37,0,617,78,9519,1396,2680,5847,267,44464,176,37,3252,127,9377
2021-03-21,193,3,53,0,637,78,9572,1446,2685,5850,284,44624,196,53,3255,127,9430
2021-03-22,277,4,40,0,649,78,9612,1581,2694,5894,274,44867,281,40,3259,127,9470
2021-03-23,217,9,42,0,644,78,9654,1546,2703,5935,263,45066,226,42,3268,127,9512
2021-03-24,237,7,37,0,642,78,9692,1554,2709,5973,258,45279,244,37,3275,127,9549
2021-03-25,238,7,57,0,658,78,9750,1549,2721,6007,264,45477,245,57,3282,127,9606
2021-03-26,275,3,61,0,664,77,9811,1570,2731,6040,259,45703,278,61,3285,127,9667
2021-03-27,156,6,39,0,666,78,9850,1496,2736,6055,268,45835,162,39,3291,127,9706
2021-03-28,189,5,34,0,672,78,9885,1516,2743,6063,276,45997,194,34,3296,127,9740
2021-03-29,333,11,49,0,695,78,9934,1703,2753,6101,277,46298,344,49,3307,127,9789
2021-03-30,241,5,50,0,695,78,9984,1681,2766,6140,275,46495,246,50,3312,127,9839
2021-03-31,250,10,60,0,709,78,10044,1641,2779,6179,271,46699,260,60,3322,127,9899
2021-04-01,261,4,46,0,703,78,10090,1655,2790,6211,265,46921,265,46,3326,127,9945
2021-04-02,228,8,67,1,735,78,10159,1586,2799,6253,250,47101,236,68,3334,128,10012
2021-04-03,164,2,46,0,745,78,10205,1490,2812,6277,256,47231,166,46,3336,128,10058
2021-04-04,203,5,54,0,759,78,10260,1502,2816,6290,281,47396,208,54,3341,128,10112
2021-04-05,221,6,53,0,770,78,10313,1573,2824,6299,304,47588,227,53,3347,128,10165
2021-04-06,275,6,55,0,785,78,10368,1680,2837,6339,299,47840,281,55,3353,128,10220
2021-04-07,242,9,62,1,801,78,10431,1674,2848,6378,292,48046,251,63,3362,129,10282
2021-04-08,238,9,48,0,806,78,10479,1637,2863,6433,274,48251,247,48,3371,129,10330
2021-04-09,291,7,55,0,810,78,10534,1659,2877,6465,288,48512,298,55,3378,129,10385
2021-04-10,205,2,51,0,800,78,10586,1568,2889,6484,310,48687,207,51,3380,129,10436
2021-04-11,195,6,58,0,804,78,10644,1580,2904,6491,333,48851,201,58,3386,129,10494
2021-04-12,234,10,48,0,807,78,10693,1652,2920,6532,330,49050,244,48,3396,129,10542
2021-04-13,218,5,44,0,795,78,10737,1597,2933,6575,319,49235,223,44,3401,129,10586
2021-04-14,243,5,54,0,802,77,10791,1571,2948,6620,308,49445,248,54,3406,129,10640
2021-04-15,234,9,64,0,819,77,10855,1548,2966,6655,311,49647,243,64,3415,129,10704
2021-04-16,253,6,52,0,812,77,10908,1586,2978,6710,288,49875,259,52,3421,129,10756
2021-04-17,203,5,54,0,821,77,10962,1505,2991,6727,314,50039,208,54,3426,129,10810
2021-04-18,209,4,54,0,820,77,11016,1535,2999,6734,340,50208,213,54,3430,129,10864
2021-04-19,331,5,65,0,846,78,11081,1731,3014,6775,348,50495,336,65,3435,129,10929
2021-04-20,276,9,51,0,833,77,11132,1737,3025,6825,328,50737,285,51,3444,129,10980
2021-04-21,274,4,51,0,841,77,11183,1738,3038,6863,320,50973,278,51,3448,129,11031
2021-04-22,229,7,44,0,841,77,11227,1740,3051,6913,310,51173,236,44,3455,129,11075
2021-04-23,252,14,65,0,857,77,11292,1712,3069,6964,307,51386,266,65,3469,129,11140
2021-04-24,198,4,51,0,840,76,11343,1592,3078,6977,330,51553,202,51,3473,129,11191
2021-04-25,221,4,43,0,837,77,11386,1619,3088,6996,357,51738,225,43,3477,129,11234
2021-04-26,333,6,60,0,841,77,11446,1792,3098,7053,346,52027,339,60,3483,129,11294
2021-04-27,182,6,52,0,838,77,11498,1702,3109,7077,360,52173,188,52,3489,129,11346
2021-04-28,325,5,48,0,835,77,11547,1823,3125,7121,359,52464,330,48,3494,129,11394
2021-04-29,283,3,66,0,842,77,11613,1857,3137,7166,358,52693,286,66,3497,129,11460
2021-04-30,250,6,51,0,838,77,11664,1836,3153,7217,346,52904,256,51,3503,129,11511
2021-05-01,179,0,38,0,822,77,11702,1711,3165,7235,350,53052,179,38,3503,129,11549
2021-05-02,181,4,67,0,854,78,11769,1661,3188,7250,369,53190,185,67,3507,129,11616
2021-05-03,276,6,52,0,851,78,11821,1765,3201,7300,358,53431,282,52,3513,129,11668
2021-05-04,226,5,51,0,851,77,11872,1710,3216,7355,343,53623,231,51,3518,129,11719
2021-05-05,194,4,43,1,837,78,11917,1589,3234,7374,368,53782,198,44,3522,130,11762
2021-05-06,215,5,45,0,821,78,11962,1608,3248,7417,368,53956,220,45,3527,130,11807
2021-05-07,232,3,46,0,809,78,12008,1618,3261,7472,354,54151,235,46,3530,130,11853
2021-05-08,150,4,38,0,790,77,12046,1498,3277,7487,369,54275,154,38,3534,130,11891
2021-05-09,162,3,36,0,780,77,12082,1468,3290,7501,394,54407,165,36,3537,130,11927
2021-05-10,246,3,36,0,763,78,12118,1563,3304,7548,384,54624,249,36,3540,130,11963
2021-05-11,189,3,41,0,752,78,12159,1503,3312,7613,357,54777,192,41,3543,130,12004
2021-05-12,172,4,37,0,741,78,12197,1427,3324,7664,333,54926,176,37,3547,130,12041
2021-05-13,149,2,27,0,726,78,12224,1315,3329,7680,344,55055,151,27,3549,130,12068
2021-05-14,208,2,32,0,725,78,12256,1382,3345,7729,333,55233,210,32,3551,130,12100
2021-05-15,139,3,33,0,708,78,12289,1266,3356,7744,354,55347,142,33,3554,130,12133
2021-05-16,128,7,25,0,687,78,12314,1241,3363,7754,377,55459,135,25,3561,130,12158
2021-05-17,189,6,37,0,686,78,12351,1328,3376,7804,371,55620,195,37,3567,130,12195
2021-05-18,152,5,34,0,662,78,12385,1280,3389,7860,345,55746,157,34,3572,130,12229
2021-05-19,136,6,23,0,641,77,12408,1188,3396,7909,323,55860,142,23,3578,130,12252
2021-05-20,148,10,23,0,628,77,12431,1147,3410,7952,306,55994,158,23,3588,130,12275
2021-05-21,137,2,23,0,612,77,12454,1106,3414,8006,273,56108,139,23,3590,130,12298
2021-05-22,89,4,25,0,608,77,12479,996,3423,8020,279,56181,93,25,3594,130,12323
2021-05-23,82,6,21,0,600,76,12500,963,3430,8027,295,56254,88,21,3600,130,12344
2021-05-24,99,2,30,1,601,77,12531,957,3435,8035,312,56321,101,31,3602,131,12374
2021-05-25,120,3,17,0,587,77,12548,984,3445,8077,298,56420,123,17,3605,131,12391
2021-05-26,80,2,13,0,561,77,12561,913,3449,8122,278,56486,82,13,3607,131,12404
2021-05-27,89,4,18,0,547,77,12579,844,3455,8152,277,56556,93,18,3611,131,12422
2021-05-28,89,1,16,0,527,77,12595,805,3466,8198,250,56631,90,16,3612,131,12438
2021-05-29,56,3,10,1,507,76,12606,717,3473,8209,257,56677,59,11,3615,132,12448
2021-05-30,54,5,12,0,494,76,12618,690,3478,8216,274,56726,59,12,3620,132,12460
2021-05-31,84,7,9,0,475,76,12627,720,3487,8253,260,56802,91,9,3627,132,12469
2021-06-01,67,4,7,0,450,76,12634,669,3497,8289,248,56862,71,7,3631,132,12476
2021-06-02,63,5,13,0,428,77,12647,625,3503,8324,243,56915,68,13,3636,132,12489
2021-06-03,55,3,6,0,399,76,12653,587,3510,8347,244,56963,58,6,3639,132,12495
2021-06-04,78,5,5,0,373,76,12658,591,3518,8378,227,57039,83,5,3644,132,12500
2021-06-05,42,5,7,0,358,75,12665,551,3524,8385,229,57078,47,7,3649,132,12507
2021-06-06,43,7,5,0,348,75,12670,545,3528,8390,231,57121,50,5,3656,132,12512
2021-06-07,48,5,5,0,344,74,12675,555,3535,8427,212,57163,53,5,3661,132,12517
2021-06-08,52,1,8,0,326,75,12683,522,3543,8464,188,57208,53,8,3662,132,12525
2021-06-09,39,2,9,0,314,74,12692,467,3545,8494,172,57241,41,9,3664,132,12534
2021-06-10,39,0,4,0,302,73,12696,437,3551,8518,163,57272,39,4,3664,132,12538
2021-06-11,34,0,6,0,286,73,12702,410,3555,8536,160,57298,34,6,3664,132,12544
2021-06-12,22,3,7,0,273,73,12709,361,3556,8538,165,57320,25,7,3667,132,12551
2021-06-13,23,3,2,0,268,73,12711,362,3556,8540,171,57343,26,2,3670,132,12553
2021-06-14,42,6,7,0,269,74,12718,386,3558,8550,177,57379,48,7,3676,132,12560
2021-06-15,23,5,4,0,255,73,12722,342,3560,8569,174,57401,28,4,3681,132,12564
2021-06-16,26,3,6,1,243,73,12729,322,3569,8587,162,57426,29,7,3684,133,12570
2021-06-17,27,2,5,0,232,73,12734,318,3573,8611,148,57450,29,5,3686,133,12575
2021-06-18,29,5,4,0,222,72,12738,312,3575,8623,148,57478,34,4,3691,133,12579
2021-06-19,12,3,5,0,211,71,12743,284,3577,8626,154,57489,15,5,3694,133,12584
2021-06-20,17,5,3,0,201,70,12746,281,3581,8628,155,57508,22,3,3699,133,12587
2021-06-21,15,3,5,0,199,70,12751,281,3582,8651,145,57524,18,5,3702,133,12592
2021-06-22,17,3,4,0,188,68,12755,253,3585,8666,141,57541,20,4,3705,133,12596
2021-06-23,16,5,2,0,176,67,12757,244,3588,8677,141,57561,21,2,3710,133,12598
2021-06-24,10,1,1,0,162,66,12758,223,3589,8697,129,57570,11,1,3711,133,12599
2021-06-25,16,2,3,0,154,64,12761,209,3592,8714,113,57584,18,3,3713,133,12602
2021-06-26,11,3,0,0,150,63,12761,197,3594,8719,113,57597,14,0,3716,133,12602
2021-06-27,8,2,3,0,145,62,12764,198,3597,8719,113,57605,10,3,3718,133,12605
2021-06-28,7,1,2,0,144,62,12766,191,3601,8733,107,57613,8,2,3719,133,12607
2021-06-29,10,2,0,0,133,61,12766,190,3602,8746,99,57624,12,0,3721,133,12607
2021-06-30,4,6,1,0,127,59,12767,176,3604,8757,97,57632,10,1,3727,133,12608
2021-07-01,10,4,0,0,116,56,12767,178,3605,8775,86,57645,14,0,3731,133,12608
2021-07-02,8,2,4,0,112,54,12771,169,3605,8785,77,57653,10,4,3733,133,12612
2021-07-03,4,1,1,0,112,53,12772,163,3606,8786,77,57658,5,1,3734,133,12613
2021-07-04,11,0,1,1,112,52,12774,167,3606,8788,76,57668,11,2,3734,134,12614
2021-07-05,9,2,1,0,111,52,12775,170,3607,8798,71,57677,11,1,3736,134,12615
2021-07-06,4,3,1,0,106,52,12776,161,3611,8811,62,57683,7,1,3739,134,12616
2021-07-07,11,2,0,1,99,52,12777,160,3612,8816,63,57696,13,1,3741,135,12616
2021-07-08,17,1,0,0,91,49,12777,167,3613,8822,59,57713,18,0,3742,135,12616
2021-07-09,13,2,3,0,89,49,12780,169,3615,8823,60,57728,15,3,3744,135,12619
2021-07-10,16,1,2,0,86,47,12782,175,3616,8824,62,57745,17,2,3745,135,12621
2021-07-11,17,4,5,0,87,45,12787,187,3616,8824,63,57763,21,5,3749,135,12626
2021-07-12,21,5,3,0,90,47,12790,200,3616,8832,64,57785,26,3,3754,135,12629
2021-07-13,24,5,5,0,86,45,12795,208,3616,8835,65,57809,29,5,3759,135,12634
2021-07-14,33,7,2,0,83,45,12797,232,3617,8841,63,57847,40,2,3766,135,12636
2021-07-15,41,4,5,0,83,44,12802,252,3617,8848,61,57890,45,5,3770,135,12641
2021-07-16,47,3,9,0,87,48,12811,276,3617,8851,60,57935,50,9,3773,135,12650
2021-07-17,43,0,4,0,88,47,12815,293,3617,8852,62,57974,43,4,3773,135,12654
2021-07-18,59,2,6,0,91,49,12821,334,3621,8853,62,58031,61,6,3775,135,12660
2021-07-19,87,3,23,0,109,55,12844,388,3622,8861,61,58109,90,23,3778,135,12683
2021-07-20,76,2,11,0,112,55,12855,424,3623,8870,57,58178,78,11,3780,135,12694
2021-07-21,74,2,15,0,120,56,12870,434,3625,8876,56,58243,76,15,3782,135,12709
2021-07-22,69,2,11,0,124,57,12881,447,3626,8884,53,58307,71,11,3784,135,12720
2021-07-23,93,3,15,0,132,57,12896,484,3628,8890,58,58393,96,15,3787,135,12735
2021-07-24,69,0,24,0,143,60,12920,493,3631,8894,58,58448,69,24,3787,135,12759
2021-07-25,75,2,16,0,152,63,12936,504,3631,8897,64,58511,77,16,3789,135,12775
2021-07-26,96,2,19,0,162,62,12955,563,3632,8906,65,58595,98,19,3791,135,12794
2021-07-27,80,6,23,1,174,67,12979,581,3633,8915,67,58664,86,24,3797,136,12817
2021-07-28,82,2,23,0,184,69,13002,583,3633,8924,68,58726,84,23,3799,136,12840
2021-07-29,80,2,14,0,188,70,13016,591,3634,8936,72,58795,82,14,3801,136,12854
2021-07-30,81,2,16,0,187,68,13032,595,3635,8943,74,58869,83,16,3803,136,12870
2021-07-31,64,0,17,0,194,69,13049,573,3636,8947,78,58928,64,17,3803,136,12887
2021-08-01,60,2,19,0,204,69,13068,587,3636,8951,82,58974,62,19,3805,136,12906
2021-08-02,76,3,18,0,214,69,13086,612,3637,8965,82,59037,79,18,3808,136,12924
2021-08-03,54,5,13,0,211,71,13099,568,3639,8984,73,59084,59,13,3813,136,12937
2021-08-04,63,3,20,0,218,72,13119,539,3640,8992,79,59138,66,20,3816,136,12957
2021-08-05,64,4,22,0,221,72,13141,524,3641,8998,84,59192,68,22,3820,136,12979
2021-08-06,59,3,13,0,222,72,13154,516,3642,9007,94,59241,62,13,3823,136,12992
2021-08-07,47,2,19,0,222,72,13173,500,3643,9008,107,59278,49,19,3825,136,13011
2021-08-08,48,1,16,0,221,71,13189,488,3646,9012,111,59315,49,16,3826,136,13027
2021-08-09,58,3,13,0,223,73,13202,499,3648,9024,108,59366,61,13,3829,136,13040
2021-08-10,59,2,14,0,225,74,13216,501,3653,9045,98,59416,61,14,3831,136,13054
2021-08-11,58,4,17,0,223,74,13233,483,3656,9058,99,59471,62,17,3835,136,13071
2021-08-12,68,3,10,0,217,74,13243,493,3661,9073,101,59534,71,10,3838,136,13081
2021-08-13,80,1,14,0,210,73,13257,510,3666,9085,98,59604,81,14,3839,136,13095
2021-08-14,50,3,12,0,208,73,13269,504,3667,9090,102,59655,53,12,3842,136,13107
2021-08-15,61,1,12,0,208,72,13281,523,3669,9092,108,59709,62,12,3843,136,13119
2021-08-16,76,4,11,0,209,70,13292,556,3670,9106,104,59783,80,11,3847,136,13130
2021-08-17,57,3,13,0,212,71,13305,542,3671,9125,93,59832,60,13,3850,136,13143
2021-08-18,55,0,19,0,223,73,13324,524,3673,9133,96,59871,55,19,3850,136,13162
2021-08-19,71,3,13,0,222,73,13337,521,3673,9151,91,59937,74,13,3853,136,13175
2021-08-20,48,0,15,0,224,72,13352,510,3677,9165,88,59974,48,15,3853,136,13190
2021-08-21,41,1,13,0,222,72,13365,476,3677,9170,89,60006,42,13,3854,136,13203
2021-08-22,60,1,11,0,226,72,13376,498,3680,9172,92,60061,61,11,3855,136,13214
2021-08-23,61,6,18,1,239,73,13395,529,3685,9182,95,60119,67,19,3861,137,13232
2021-08-24,54,4,13,0,235,73,13408,513,3689,9197,92,60168,58,13,3865,137,13245
2021-08-25,54,2,14,0,233,74,13422,499,3694,9209,92,60216,56,14,3867,137,13259
2021-08-26,63,5,16,0,229,74,13438,498,3696,9227,81,60272,68,16,3872,137,13275
2021-08-27,76,1,13,0,233,72,13451,499,3701,9241,75,60339,77,13,3873,137,13288
2021-08-28,52,0,13,0,234,72,13464,478,3706,9243,82,60381,52,13,3873,137,13301
2021-08-29,40,0,8,0,228,72,13472,487,3707,9245,88,60415,40,8,3873,137,13309
2021-08-30,66,3,11,0,229,73,13483,521,3709,9255,92,60477,69,11,3876,137,13320
2021-08-31,59,0,9,0,221,74,13492,497,3713,9268,92,60528,59,9,3876,137,13329
2021-09-01,66,2,13,0,214,74,13505,489,3718,9278,93,60587,68,13,3878,137,13342
2021-09-02,53,3,18,0,216,72,13523,488,3719,9291,89,60630,56,18,3881,137,13360
2021-09-03,70,3,16,0,221,72,13539,499,3722,9298,90,60690,73,16,3884,137,13376
2021-09-04,54,2,12,0,220,73,13551,478,3725,9303,93,60739,56,12,3886,137,13388
2021-09-05,33,2,13,0,223,73,13564,476,3727,9306,96,60766,35,13,3888,137,13401
2021-09-06,59,2,13,0,229,73,13577,496,3731,9320,90,60823,61,13,3890,137,13414
2021-09-07,56,1,15,0,231,74,13592,505,3733,9333,89,60867,57,15,3891,137,13429
2021-09-08,70,6,12,0,229,74,13604,510,3737,9340,94,60931,76,12,3897,137,13441
2021-09-09,50,2,14,0,225,74,13618,491,3743,9352,94,60972,52,14,3899,137,13455
2021-09-10,42,7,15,0,223,74,13633,483,3748,9369,83,61010,49,15,3906,137,13470
2021-09-11,45,3,6,0,216,73,13639,476,3751,9372,89,61054,48,6,3909,137,13476
2021-09-12,47,1,4,0,207,72,13643,486,3751,9373,92,61094,48,4,3910,137,13480
2021-09-13,55,3,4,0,207,71,13647,506,3754,9388,85,61143,58,4,3913,137,13484
2021-09-14,46,8,15,0,211,71,13662,492,3757,9400,85,61187,54,15,3921,137,13499
2021-09-15,46,3,16,0,211,73,13678,466,3759,9410,80,61222,49,16,3924,137,13515
2021-09-16,43,0,6,0,208,73,13684,458,3762,9422,77,61262,43,6,3924,137,13521
2021-09-17,45,4,8,0,204,70,13692,448,3763,9430,79,61303,49,8,3928,137,13529
2021-09-18,38,4,7,0,200,71,13699,425,3764,9430,84,61341,42,7,3932,137,13536
2021-09-19,29,1,11,0,205,72,13710,419,3765,9433,84,61365,30,11,3933,137,13547
2021-09-20,37,4,7,0,208,73,13717,434,3766,9447,83,61399,41,7,3937,137,13554
2021-09-21,25,3,13,0,207,73,13730,411,3768,9456,91,61416,28,13,3940,137,13567
2021-09-22,29,1,6,0,193,73,13736,388,3771,9461,93,61441,30,6,3941,137,13573
2021-09-23,40,6,11,0,194,74,13747,382,3771,9465,99,61481,46,11,3947,137,13584
2021-09-24,39,4,7,0,189,72,13754,370,3774,9478,98,61518,43,7,3951,137,13591
2021-09-25,34,0,8,0,183,73,13762,348,3775,9482,102,61545,34,8,3951,137,13599
2021-09-26,28,3,6,0,179,74,13768,355,3779,9484,107,61570,31,6,3954,137,13605
2021-09-27,45,2,3,0,171,74,13771,385,3782,9492,109,61612,47,3,3956,137,13608
2021-09-28,41,4,6,0,162,72,13777,383,3785,9498,112,61653,45,6,3960,137,13614
2021-09-29,31,1,7,0,155,71,13784,375,3788,9509,112,61678,32,7,3961,137,13621
2021-09-30,42,3,4,1,146,68,13789,387,3791,9522,107,61720,45,5,3964,138,13625
2021-10-01,48,3,9,0,146,68,13798,396,3793,9533,106,61764,51,9,3967,138,13634
2021-10-02,32,3,8,0,141,66,13806,374,3793,9536,109,61796,35,8,3970,138,13642
2021-10-03,33,0,8,0,143,66,13814,385,3795,9538,112,61823,33,8,3970,138,13650
2021-10-04,62,3,13,0,150,68,13827,427,3801,9551,110,61879,65,13,3973,138,13663
2021-10-05,43,3,6,0,139,66,13833,436,3806,9564,102,61920,46,6,3976,138,13669
2021-10-06,48,5,13,0,141,66,13846,448,3810,9571,102,61964,53,13,3981,138,13682
2021-10-07,38,1,6,0,136,65,13852,440,3813,9583,95,61999,39,6,3982,138,13688
2021-10-08,54,3,11,0,138,66,13863,450,3813,9598,88,62047,57,11,3985,138,13699
2021-10-09,38,4,12,1,145,67,13876,447,3816,9600,90,62082,42,13,3989,139,13711
2021-10-10,43,3,10,0,148,70,13886,465,3817,9600,95,62119,46,10,3992,139,13721
2021-10-11,67,3,12,0,154,71,13898,505,3821,9611,91,62180,70,12,3995,139,13733
2021-10-12,61,5,7,0,150,69,13905,534,3825,9625,80,62241,66,7,4000,139,13740
2021-10-13,62,3,12,0,155,69,13917,552,3828,9632,78,62300,65,12,4003,139,13752
2021-10-14,70,3,10,0,155,68,13927,567,3832,9640,83,62364,73,10,4006,139,13762
2021-10-15,71,4,12,0,150,65,13939,587,3836,9656,74,62433,75,12,4010,139,13774
2021-10-16,53,3,10,0,147,64,13949,582,3838,9658,77,62483,56,10,4013,139,13784
2021-10-17,59,2,17,0,158,65,13967,610,3840,9658,80,62531,61,17,4015,139,13801
2021-10-18,100,1,14,0,167,67,13981,670,3843,9676,73,62627,101,14,4016,139,13815
2021-10-19,92,7,18,1,171,65,14000,694,3847,9683,71,62715,99,19,4023,140,13833
2021-10-20,108,0,21,0,183,64,14021,729,3849,9686,75,62810,108,21,4023,140,13854
2021-10-21,106,2,13,0,185,69,14034,759,3851,9696,69,62908,108,13,4025,140,13867
2021-10-22,89,3,25,0,204,71,14059,774,3854,9709,64,62981,92,25,4028,140,13892
2021-10-23,82,2,7,0,200,71,14066,780,3858,9709,73,63059,84,7,4030,140,13899
2021-10-24,77,3,19,0,205,69,14085,808,3859,9712,77,63124,80,19,4033,140,13918
2021-10-25,119,5,15,0,214,71,14100,888,3862,9721,85,63240,124,15,4038,140,13933
2021-10-26,116,1,22,0,215,72,14122,912,3868,9733,79,63345,117,22,4039,140,13955
2021-10-27,146,4,21,0,224,71,14143,977,3874,9740,83,63484,150,21,4043,140,13976
2021-10-28,136,6,22,0,228,71,14165,1037,3875,9751,84,63613,142,22,4049,140,13998
2021-10-29,162,4,28,0,243,74,14193,1117,3881,9760,91,63765,166,28,4053,140,14026
2021-10-30,140,0,12,0,230,75,14205,1134,3885,9762,99,63896,140,12,4053,140,14038
2021-10-31,131,4,24,0,240,74,14229,1190,3888,9764,104,64020,135,24,4057,140,14062
2021-11-01,206,4,23,0,254,75,14252,1330,3894,9772,109,64217,210,23,4061,140,14085
2021-11-02,172,5,35,0,270,75,14287,1379,3900,9785,108,64375,177,35,4066,140,14120
2021-11-03,150,2,30,0,282,75,14317,1369,3906,9795,112,64508,152,30,4068,140,14150
2021-11-04,176,8,25,0,287,75,14342,1390,3910,9803,115,64672,184,25,4076,140,14175
2021-11-05,207,11,27,0,299,76,14369,1450,3915,9816,116,64872,218,27,4087,140,14202
2021-11-06,134,1,33,0,313,76,14402,1411,3920,9822,120,64986,135,33,4088,140,14235
2021-11-07,168,2,35,0,332,76,14437,1486,3928,9823,128,65131,170,35,4090,140,14270
2021-11-08,244,9,19,0,334,76,14456,1651,3935,9839,130,65363,253,19,4099,140,14289
2021-11-09,177,6,34,0,340,76,14490,1662,3942,9860,126,65527,183,34,4105,140,14323
2021-11-10,210,5,36,1,353,76,14527,1673,3945,9875,129,65718,215,37,4110,141,14359
2021-11-11,232,2,34,1,366,76,14562,1722,3955,9886,133,65931,234,35,4112,142,14393
2021-11-12,231,3,43,0,385,76,14606,1763,3967,9901,132,66143,234,43,4115,142,14436
2021-11-13,195,3,26,0,385,76,14632,1755,3973,9909,136,66324,198,26,4118,142,14462
2021-11-14,219,7,35,0,401,76,14667,1838,3982,9912,150,66524,226,35,4125,142,14497
2021-11-15,300,8,36,0,411,76,14703,2018,3986,9925,160,66806,308,36,4133,142,14533
2021-11-16,269,7,51,0,433,75,14754,2056,3990,9946,163,67045,276,51,4140,142,14584
2021-11-17,246,13,38,0,439,75,14792,2050,4002,9960,170,67279,259,38,4153,142,14622
2021-11-18,253,10,50,0,457,75,14842,2053,4010,9980,165,67510,263,50,4163,142,14672
2021-11-19,330,6,37,1,473,75,14880,2149,4023,10003,163,67817,336,38,4169,143,14709
2021-11-20,233,5,41,0,481,73,14921,2084,4034,10010,171,68030,238,41,4174,143,14750
2021-11-21,270,2,47,0,503,74,14968,2157,4043,10016,190,68266,272,47,4176,143,14797
2021-11-22,354,9,57,2,526,75,15027,2352,4047,10037,199,68586,363,59,4185,145,14854
2021-11-23,289,9,45,0,538,76,15073,2385,4059,10061,193,68844,298,45,4194,145,14899
2021-11-24,299,3,49,0,555,77,15122,2369,4072,10080,192,69101,302,49,4197,145,14948
2021-11-25,324,7,56,0,580,77,15178,2403,4090,10106,206,69391,331,56,4204,145,15004
2021-11-26,355,4,52,0,575,76,15230,2447,4100,10136,201,69706,359,52,4208,145,15056
2021-11-27,222,5,59,0,596,76,15289,2304,4109,10148,217,69892,227,59,4213,145,15115
2021-11-28,252,8,52,0,606,76,15342,2361,4122,10155,234,70114,260,52,4221,145,15167
2021-11-29,367,3,56,0,628,76,15398,2555,4132,10183,232,70452,370,56,4224,145,15223
2021-11-30,313,9,54,0,646,77,15452,2542,4154,10216,238,70734,322,54,4233,145,15277
2021-12-01,347,6,65,2,649,77,15519,2492,4171,10245,239,71026,353,67,4239,147,15342
2021-12-02,289,6,43,1,643,78,15564,2446,4182,10275,240,71276,295,44,4245,148,15385
2021-12-03,297,4,42,0,640,77,15606,2406,4198,10306,244,71547,301,42,4249,148,15427
2021-12-04,234,2,41,0,626,78,15647,2271,4210,10314,260,71750,236,41,4251,148,15468
2021-12-05,219,2,50,0,638,77,15697,2272,4214,10327,278,71940,221,50,4253,148,15518
2021-12-06,338,9,51,0,655,78,15748,2416,4223,10361,277,72242,347,51,4262,148,15569
2021-12-07,310,10,53,0,665,78,15801,2408,4234,10400,277,72524,320,53,4272,148,15622
2021-12-08,317,7,60,0,672,77,15861,2406,4246,10429,280,72800,324,60,4279,148,15682
2021-12-09,273,6,54,2,682,78,15916,2367,4261,10465,276,73041,279,56,4285,150,15736
2021-12-10,312,6,49,1,686,78,15965,2356,4275,10495,275,73329,318,50,4291,151,15785
2021-12-11,207,5,25,1,662,78,15990,2215,4281,10511,288,73516,212,26,4296,152,15810
2021-12-12,190,1,46,1,675,77,16036,2218,4294,10519,312,73676,191,47,4297,153,15856
2021-12-13,261,6,45,0,671,77,16081,2294,4304,10550,319,73899,267,45,4303,153,15901
2021-12-14,231,8,31,0,655,77,16113,2218,4311,10587,310,74108,239,31,4311,153,15932
2021-12-15,232,6,38,1,658,77,16151,2117,4321,10611,315,74309,238,39,4317,154,15970
2021-12-16,205,8,39,0,656,77,16190,2028,4332,10652,300,74486,213,39,4325,154,16009
2021-12-17,205,5,47,0,665,78,16237,1947,4344,10693,292,74655,210,47,4330,154,16056
2021-12-18,131,6,26,1,645,78,16264,1789,4353,10702,312,74775,137,27,4336,155,16082
2021-12-19,162,5,31,0,635,78,16295,1776,4364,10706,333,74911,167,31,4341,155,16113
2021-12-20,220,3,37,0,634,78,16332,1900,4379,10748,320,75111,223,37,4344,155,16150
2021-12-21,192,6,32,0,625,78,16364,1840,4391,10785,310,75281,198,32,4350,155,16182
2021-12-22,172,4,18,0,602,78,16382,1751,4399,10825,307,75439,176,18,4354,155,16200
2021-12-23,138,3,24,0,582,78,16406,1680,4413,10861,295,75560,141,24,4357,155,16224
2021-12-24,170,3,26,0,569,78,16432,1637,4427,10901,284,75707,173,26,4360,155,16250
2021-12-25,118,1,28,0,550,77,16460,1470,4435,10914,292,75804,119,28,4361,155,16278
2021-12-26,112,1,30,0,551,77,16490,1459,4443,10918,306,75901,113,30,4362,155,16308
2021-12-27,215,6,38,0,563,77,16528,1576,4455,10953,300,76091,221,38,4368,155,16346
2021-12-28,184,6,28,0,549,77,16556,1577,4473,10991,280,76264,190,28,4374,155,16374
2021-12-29,146,4,19,0,531,78,16575,1522,4487,11032,265,76395,150,19,4378,155,16393
2021-12-30,148,3,25,0,514,78,16600,1464,4497,11058,258,76526,151,25,4381,155,16418
2021-12-31,135,1,16,0,498,78,16616,1386,4510,11084,252,76644,136,16,4382,155,16434
2022-01-01,103,2,21,0,487,77,16637,1267,4520,11087,262,76737,105,21,4384,155,16455
2022-01-02,102,6,24,0,489,77,16661,1292,4530,11094,266,76828,108,24,4390,155,16479
2022-01-03,162,6,32,0,501,77,16693,1394,4542,11124,265,76970,168,32,4396,155,16511
2022-01-04,151,4,14,1,476,77,16708,1376,4552,11148,256,77116,155,15,4400,156,16525
2022-01-05,133,6,15,0,466,77,16723,1323,4562,11178,252,77235,139,15,4406,156,16540
2022-01-06,121,11,21,0,451,77,16744,1293,4569,11202,254,77350,132,21,4417,156,16561
2022-01-07,173,6,15,0,433,77,16759,1319,4573,11225,256,77514,179,15,4423,156,16576
2022-01-08,90,1,20,0,425,77,16779,1215,4580,11236,267,77588,91,20,4424,156,16596
2022-01-09,122,2,28,1,424,77,16807,1238,4589,11239,275,77693,124,29,4426,157,16624
2022-01-10,156,7,23,0,427,77,16830,1333,4595,11264,273,77830,163,23,4433,157,16647
2022-01-11,120,1,13,0,409,76,16843,1269,4600,11290,270,77929,121,13,4434,157,16660
2022-01-12,106,7,11,0,391,76,16854,1203,4605,11314,266,78033,113,11,4441,157,16671
2022-01-13,100,5,13,0,375,75,16867,1169,4617,11341,258,78121,105,13,4446,157,16684
2022-01-14,135,7,12,0,355,76,16880,1156,4627,11367,253,78250,142,12,4453,157,16696
2022-01-15,101,2,13,0,334,75,16893,1098,4632,11376,260,78340,103,13,4455,157,16709
2022-01-16,97,3,11,0,324,75,16904,1098,4634,11380,262,78428,100,11,4458,157,16720
2022-01-17,150,9,9,0,328,75,16913,1191,4638,11406,252,78575,159,9,4467,157,16729
2022-01-18,124,4,7,0,314,76,16920,1151,4642,11432,240,78693,128,7,4471,157,16736
2022-01-19,164,4,16,0,312,76,16936,1175,4652,11454,233,78846,168,16,4475,157,16752
2022-01-20,164,4,12,0,301,75,16948,1190,4655,11479,223,79005,168,12,4479,157,16764
2022-01-21,165,6,9,0,292,74,16957,1210,4659,11500,214,79156,171,9,4485,157,16773
2022-01-22,121,5,5,0,279,74,16962,1170,4662,11507,221,79269,126,5,4490,157,16778
2022-01-23,144,3,9,1,272,74,16972,1225,4667,11509,228,79407,147,10,4493,158,16787
2022-01-24,191,5,11,2,271,74,16984,1324,4669,11527,226,79589,196,13,4498,160,16798
2022-01-25,160,8,14,0,268,73,16998,1324,4674,11542,226,79738,168,14,4506,160,16812
2022-01-26,190,10,9,0,259,72,17007,1351,4682,11561,224,79921,200,9,4516,160,16821
2022-01-27,192,10,21,1,256,72,17028,1365,4687,11572,226,80109,202,22,4526,161,16842
2022-01-28,193,11,8,2,247,69,17038,1379,4693,11592,227,80298,204,10,4537,163,16850
2022-01-29,162,4,10,0,228,69,17048,1349,4702,11598,229,80452,166,10,4541,163,16860
2022-01-30,171,10,9,0,218,69,17058,1398,4704,11599,235,80618,181,9,4551,163,16869
2022-01-31,247,8,20,0,229,70,17078,1546,4708,11620,233,80860,255,20,4559,163,16889
2022-02-01,224,7,15,0,223,67,17093,1604,4712,11637,225,81077,231,15,4566,163,16904
2022-02-02,237,5,16,0,225,67,17109,1623,4719,11653,217,81296,242,16,4571,163,16920
2022-02-03,196,9,20,1,232,71,17130,1603,4721,11668,214,81485,205,21,4580,164,16940
2022-02-04,237,5,14,1,232,69,17145,1627,4726,11680,220,81701,242,15,4585,165,16954
2022-02-05,134,7,10,0,219,69,17155,1505,4732,11683,228,81834,141,10,4592,165,16964
2022-02-06,185,3,29,0,231,67,17184,1562,4733,11685,238,81998,188,29,4595,165,16993
2022-02-07,232,9,18,0,235,66,17202,1692,4737,11701,240,82212,241,18,4604,165,17011
2022-02-08,205,10,18,1,232,70,17221,1698,4740,11717,244,82406,215,19,4614,166,17029
2022-02-09,211,10,10,0,216,69,17231,1686,4743,11736,239,82615,221,10,4624,166,17039
2022-02-10,223,10,12,0,210,69,17243,1664,4749,11751,243,82833,233,12,4634,166,17051
2022-02-11,231,6,13,1,198,67,17257,1682,4756,11765,250,83052,237,14,4640,167,17064
2022-02-12,153,8,13,0,184,66,17270,1594,4762,11770,249,83203,161,13,4648,167,17077
2022-02-13,138,6,12,0,187,65,17282,1578,4766,11772,250,83330,144,12,4654,167,17089
2022-02-14,233,12,12,0,193,65,17294,1737,4767,11792,244,83554,245,12,4666,167,17101
2022-02-15,208,11,15,0,194,65,17309,1758,4772,11802,252,83748,219,15,4677,167,17116
2022-02-16,170,7,14,0,185,65,17324,1709,4775,11811,256,83910,177,14,4684,167,17130
2022-02-17,142,11,13,0,182,68,17337,1641,4779,11825,255,84048,153,13,4695,167,17143
2022-02-18,83,13,9,1,174,67,17347,1554,4780,11834,251,84132,96,10,4708,168,17152
2022-02-19,3,4,0,0,168,67,17347,1456,4780,11834,251,84138,7,0,4712,168,17152
