"date","Hospital_Intake_Proven","Hospital_Intake_Suspected","IC_Intake_Proven","IC_Intake_Suspected","IC_Current","ICs_Used","IC_Cumulative","Hospital_Currently","IC_Deaths_Cumulative","IC_Discharge_Cumulative","IC_Discharge_InHospital","Hospital_Cumulative","Hospital_Intake","IC_Intake","Hosp_Intake_Suspec_Cumul","IC_Intake_Suspected_Cumul","IC_Intake_Proven_Cumsum"
2020-02-27,2,2,1,0,13,9,13,61,0,0,0,64,4,1,2,0,1
2020-02-28,4,0,0,1,14,10,14,65,0,0,0,68,4,1,2,1,1
2020-02-29,1,0,1,0,15,10,15,65,0,0,0,69,1,1,2,1,2
2020-03-01,7,1,2,0,17,11,17,72,0,0,1,76,8,2,3,1,4
2020-03-02,10,1,0,0,16,10,17,83,0,0,1,87,11,0,4,1,4
2020-03-03,8,0,2,0,18,10,19,90,0,0,1,95,8,2,4,1,6
2020-03-04,10,3,3,0,21,12,22,102,0,2,1,107,13,3,7,1,9
2020-03-05,11,1,1,1,21,14,24,111,0,2,1,118,12,2,8,2,10
2020-03-06,21,1,4,0,24,17,28,129,0,2,2,137,22,4,9,2,14
2020-03-07,7,3,3,0,26,17,31,137,0,3,1,145,10,3,12,2,17
2020-03-08,18,5,5,0,32,21,36,156,2,3,1,166,23,5,17,2,22
2020-03-09,27,5,6,1,37,22,43,181,2,3,1,196,32,7,22,3,28
2020-03-10,28,4,10,0,45,25,53,204,2,3,2,225,32,10,26,3,38
2020-03-11,44,5,9,0,52,26,62,240,4,3,2,268,49,9,31,3,47
2020-03-12,54,4,23,0,72,32,85,283,5,3,2,319,58,23,35,3,70
2020-03-13,76,4,13,0,82,35,98,352,5,4,2,397,80,13,39,3,83
2020-03-14,61,3,21,0,101,44,119,391,5,7,5,451,64,21,42,3,104
2020-03-15,69,8,28,0,123,51,147,439,7,7,6,522,77,28,50,3,132
2020-03-16,142,19,33,0,153,57,180,572,12,8,6,676,161,33,69,3,165
2020-03-17,145,12,35,0,182,60,215,656,14,8,9,815,157,35,81,3,200
2020-03-18,177,14,56,0,233,65,271,784,17,11,10,992,191,56,95,3,256
2020-03-19,261,24,66,1,293,70,338,993,25,11,12,1260,285,67,119,4,322
2020-03-20,240,25,83,1,365,71,422,1165,30,13,17,1503,265,84,144,5,405
2020-03-21,204,13,80,3,435,71,505,1245,41,15,27,1685,217,83,157,8,485
2020-03-22,236,17,74,1,486,71,580,1346,47,17,30,1907,253,75,174,9,559
2020-03-23,454,23,97,1,575,71,679,1674,64,19,42,2343,477,98,197,10,656
2020-03-24,428,24,111,0,654,73,790,1926,74,22,47,2751,452,111,221,10,767
2020-03-25,442,21,120,1,754,74,911,2143,85,28,54,3164,463,121,242,11,887
2020-03-26,444,31,111,2,840,74,1024,2341,103,38,57,3588,475,113,273,13,998
2020-03-27,562,33,114,1,924,74,1141,2600,117,44,74,4124,595,115,306,14,1112
2020-03-28,303,23,102,2,988,74,1245,2539,135,48,89,4398,326,104,329,16,1214
2020-03-29,258,17,91,1,1039,74,1337,2492,160,58,102,4624,275,92,346,17,1305
2020-03-30,442,29,127,2,1123,74,1466,2638,180,66,121,5024,471,129,375,19,1432
2020-03-31,309,40,111,0,1188,74,1577,2566,213,81,131,5313,349,111,415,19,1543
2020-04-01,316,35,75,2,1206,75,1654,2468,237,99,141,5616,351,77,450,21,1618
2020-04-02,350,37,96,2,1251,75,1752,2446,259,114,153,5946,387,98,487,23,1714
2020-04-03,340,49,77,0,1277,75,1829,2452,290,135,161,6294,389,77,536,23,1791
2020-04-04,187,24,64,2,1282,74,1895,2241,309,149,177,6459,211,66,560,25,1855
2020-04-05,230,20,75,1,1306,75,1971,2191,333,158,197,6656,250,76,580,26,1930
2020-04-06,328,51,61,0,1313,75,2032,2311,353,181,210,6994,379,61,631,26,1991
2020-04-07,204,51,60,0,1315,76,2092,2171,382,205,240,7210,255,60,682,26,2051
2020-04-08,209,31,58,0,1286,76,2150,2031,399,230,251,7410,240,58,713,26,2109
2020-04-09,188,35,52,0,1283,76,2202,1856,411,257,257,7595,223,52,748,26,2161
2020-04-10,205,38,49,0,1290,75,2252,1767,439,283,264,7805,243,49,786,26,2210
2020-04-11,133,20,28,2,1260,75,2282,1580,454,304,283,7936,153,30,806,28,2238
2020-04-12,137,32,33,1,1241,75,2316,1524,469,321,311,8087,169,34,838,29,2271
2020-04-13,167,30,45,0,1224,75,2361,1515,490,336,335,8250,197,45,868,29,2316
2020-04-14,162,33,35,2,1202,76,2399,1529,502,384,328,8418,195,37,901,31,2351
2020-04-15,119,16,24,1,1177,76,2424,1443,518,436,327,8535,135,25,917,32,2375
2020-04-16,117,20,28,1,1143,76,2454,1331,537,487,312,8650,137,29,937,33,2403
2020-04-17,139,23,25,1,1112,77,2480,1289,555,535,310,8787,162,26,960,34,2428
2020-04-18,80,15,19,0,1067,76,2499,1149,566,558,327,8860,95,19,975,34,2447
2020-04-19,83,12,20,0,1036,76,2519,1121,585,564,351,8937,95,20,987,34,2467
2020-04-20,111,21,26,1,1015,76,2546,1160,604,617,338,9041,132,27,1008,35,2493
2020-04-21,118,25,23,0,980,76,2569,1114,623,670,337,9155,143,23,1033,35,2516
2020-04-22,91,21,15,0,922,77,2584,1034,640,714,332,9253,112,15,1054,35,2531
2020-04-23,95,35,16,0,881,77,2600,993,652,761,309,9366,130,16,1089,35,2547
2020-04-24,78,24,18,1,865,76,2619,937,664,826,275,9451,102,19,1113,36,2565
2020-04-25,42,20,14,0,833,76,2633,808,678,842,284,9505,62,14,1133,36,2579
2020-04-26,43,22,13,0,806,76,2646,778,688,852,297,9559,65,13,1155,36,2592
2020-04-27,60,17,14,0,785,76,2660,763,699,861,314,9625,77,14,1172,36,2606
2020-04-28,91,24,14,1,764,76,2675,779,705,912,298,9720,115,15,1196,37,2620
2020-04-29,60,18,12,0,736,76,2687,721,711,949,297,9781,78,12,1214,37,2632
2020-04-30,63,18,17,1,712,76,2705,697,724,991,283,9850,81,18,1232,38,2649
2020-05-01,52,8,9,0,678,76,2714,643,726,1029,287,9899,60,9,1240,38,2658
2020-05-02,27,12,9,0,639,76,2723,560,735,1044,287,9932,39,9,1252,38,2667
2020-05-03,37,9,11,0,626,76,2734,544,740,1051,302,9968,46,11,1261,38,2678
2020-05-04,59,23,11,1,615,76,2746,592,746,1094,296,10037,82,12,1284,39,2689
2020-05-05,28,6,3,0,574,76,2749,525,751,1108,309,10067,34,3,1290,39,2692
2020-05-06,59,15,7,0,548,73,2756,540,757,1144,301,10132,74,7,1305,39,2699
2020-05-07,46,13,9,1,527,72,2766,514,765,1183,294,10179,59,10,1318,40,2708
2020-05-08,56,25,7,0,495,72,2773,513,770,1220,279,10253,81,7,1343,40,2715
2020-05-09,30,5,5,0,473,72,2778,465,775,1228,288,10284,35,5,1348,40,2720
2020-05-10,25,12,4,0,455,72,2782,447,776,1231,297,10314,37,4,1360,40,2724
2020-05-11,44,19,7,1,449,73,2790,476,783,1272,292,10372,63,8,1379,41,2731
2020-05-12,27,20,2,0,407,71,2792,447,786,1314,268,10414,47,2,1399,41,2733
2020-05-13,37,18,3,1,391,71,2796,421,791,1346,266,10463,55,4,1417,42,2736
2020-05-14,26,13,8,1,365,71,2805,388,795,1373,252,10493,39,9,1430,43,2744
2020-05-15,31,13,3,0,348,71,2808,367,802,1409,229,10532,44,3,1443,43,2747
2020-05-16,18,4,7,1,333,70,2816,324,804,1418,229,10550,22,8,1447,44,2754
2020-05-17,30,10,4,0,327,70,2820,338,805,1422,233,10585,40,4,1457,44,2758
2020-05-18,36,12,4,0,322,70,2824,370,806,1455,235,10627,48,4,1469,44,2762
2020-05-19,17,10,1,0,288,67,2825,346,808,1487,214,10652,27,1,1479,44,2763
2020-05-20,31,13,2,0,278,66,2827,332,813,1516,201,10690,44,2,1492,44,2765
2020-05-21,14,5,2,0,257,66,2829,298,817,1521,207,10704,19,2,1497,44,2767
2020-05-22,32,17,4,0,246,65,2833,328,820,1553,190,10747,49,4,1514,44,2771
2020-05-23,14,8,4,0,231,64,2837,292,821,1556,194,10766,22,4,1522,44,2775
2020-05-24,17,16,7,0,230,64,2844,284,822,1556,204,10790,33,7,1538,44,2782
2020-05-25,35,21,1,0,220,63,2845,319,823,1579,208,10841,56,1,1559,44,2783
2020-05-26,25,10,4,0,197,64,2849,313,827,1600,199,10873,35,4,1569,44,2787
2020-05-27,16,10,3,1,183,60,2853,283,828,1623,184,10895,26,4,1579,45,2790
2020-05-28,16,8,1,0,175,59,2854,262,830,1653,165,10914,24,1,1587,45,2791
2020-05-29,24,12,1,2,165,58,2857,264,833,1674,152,10945,36,3,1599,47,2792
2020-05-30,19,5,3,0,156,57,2860,247,833,1681,146,10966,24,3,1604,47,2795
2020-05-31,12,7,3,0,158,57,2863,242,833,1681,153,10984,19,3,1611,47,2798
2020-06-01,15,6,5,0,156,58,2868,246,836,1681,156,11001,21,5,1617,47,2803
2020-06-02,24,17,1,0,151,58,2869,268,837,1705,150,11037,41,1,1634,47,2804
2020-06-03,19,8,5,0,137,55,2874,259,842,1726,133,11055,27,5,1642,47,2809
2020-06-04,14,16,5,1,135,56,2880,244,845,1746,116,11076,30,6,1658,48,2814
2020-06-05,9,12,3,0,132,54,2883,227,845,1757,108,11094,21,3,1670,48,2817
2020-06-06,4,5,2,0,130,54,2885,194,846,1759,109,11101,9,2,1675,48,2819
2020-06-07,5,11,3,0,129,54,2888,194,846,1761,109,11115,16,3,1686,48,2822
2020-06-08,11,6,0,0,127,54,2888,194,846,1778,101,11132,17,0,1692,48,2822
2020-06-09,9,8,2,0,120,53,2890,174,847,1791,93,11147,17,2,1700,48,2824
2020-06-10,5,6,2,0,117,53,2892,158,848,1803,84,11156,11,2,1706,48,2826
2020-06-11,14,10,1,0,113,53,2893,162,848,1815,77,11176,24,1,1716,48,2827
2020-06-12,8,3,3,0,110,51,2896,153,849,1824,71,11186,11,3,1719,48,2830
2020-06-13,4,4,2,0,108,49,2898,134,850,1824,71,11192,8,2,1723,48,2832
2020-06-14,3,5,0,0,107,48,2898,133,852,1826,69,11200,8,0,1728,48,2832
2020-06-15,5,4,1,0,106,48,2899,136,853,1844,61,11208,9,1,1732,48,2833
2020-06-16,8,7,2,0,97,47,2901,136,856,1849,61,11222,15,2,1739,48,2835
2020-06-17,7,6,0,0,88,44,2901,128,858,1856,59,11233,13,0,1745,48,2835
2020-06-18,4,10,1,0,81,43,2902,129,859,1863,60,11246,14,1,1755,48,2836
2020-06-19,4,6,0,0,74,43,2902,125,860,1871,52,11255,10,0,1761,48,2836
2020-06-20,4,4,2,0,74,43,2904,106,861,1872,55,11260,8,2,1765,48,2838
2020-06-21,5,7,0,0,70,41,2904,107,862,1872,55,11271,12,0,1772,48,2838
2020-06-22,7,6,3,0,72,43,2907,110,863,1876,58,11283,13,3,1778,48,2841
2020-06-23,6,9,1,0,65,40,2908,111,864,1883,55,11293,15,1,1787,48,2842
2020-06-24,5,11,1,0,61,39,2909,110,865,1889,50,11308,16,1,1798,48,2843
2020-06-25,9,7,0,0,59,37,2909,117,865,1895,50,11322,16,0,1805,48,2843
2020-06-26,2,6,0,0,53,34,2909,113,866,1899,50,11328,8,0,1811,48,2843
2020-06-27,2,2,0,0,49,32,2909,92,867,1899,53,11332,4,0,1813,48,2843
2020-06-28,5,3,0,0,45,31,2909,96,867,1899,53,11340,8,0,1816,48,2843
2020-06-29,8,5,0,0,45,31,2909,105,867,1904,50,11350,13,0,1821,48,2843
2020-06-30,3,5,2,0,45,31,2911,91,867,1911,46,11355,8,2,1826,48,2845
2020-07-01,4,5,0,0,41,28,2911,89,867,1916,42,11364,9,0,1831,48,2845
2020-07-02,4,2,2,1,43,31,2914,82,868,1920,40,11367,6,3,1833,49,2847
2020-07-03,6,4,0,0,40,30,2914,82,868,1930,30,11375,10,0,1837,49,2847
2020-07-04,0,3,1,0,41,30,2915,72,868,1930,32,11377,3,1,1840,49,2848
2020-07-05,2,6,0,0,39,28,2915,75,868,1931,32,11383,8,0,1846,49,2848
2020-07-06,2,4,0,0,38,27,2915,79,869,1936,29,11389,6,0,1850,49,2848
2020-07-07,4,4,1,0,36,26,2916,81,870,1938,29,11396,8,1,1854,49,2849
2020-07-08,4,3,2,0,33,26,2918,79,870,1943,25,11402,7,2,1857,49,2851
2020-07-09,6,5,1,0,33,25,2919,79,870,1947,21,11410,11,1,1862,49,2852
2020-07-10,7,6,1,0,34,25,2920,89,870,1947,22,11421,13,1,1868,49,2853
2020-07-11,2,2,0,0,32,23,2920,81,870,1947,22,11424,4,0,1870,49,2853
2020-07-12,3,3,1,0,33,23,2921,81,871,1949,21,11427,6,1,1873,49,2854
2020-07-13,5,4,0,0,32,23,2921,88,872,1950,22,11436,9,0,1877,49,2854
2020-07-14,6,4,0,0,29,23,2921,89,872,1951,22,11445,10,0,1881,49,2854
2020-07-15,2,4,1,0,29,23,2922,82,872,1953,22,11450,6,1,1885,49,2855
2020-07-16,2,6,1,0,28,23,2923,78,872,1958,17,11457,8,1,1891,49,2856
2020-07-17,6,1,0,0,28,22,2923,76,872,1958,18,11463,7,0,1892,49,2856
2020-07-18,6,7,0,0,27,22,2923,83,872,1958,18,11476,13,0,1899,49,2856
2020-07-19,7,1,1,0,28,22,2924,86,872,1958,19,11484,8,1,1900,49,2857
2020-07-20,4,4,0,1,28,23,2925,89,873,1963,15,11491,8,1,1904,50,2857
2020-07-21,6,5,2,0,28,22,2927,88,873,1965,16,11500,11,2,1909,50,2859
2020-07-22,4,1,1,0,28,21,2928,77,874,1969,14,11504,5,1,1910,50,2860
2020-07-23,10,6,1,0,26,20,2929,84,874,1971,14,11518,16,1,1916,50,2861
2020-07-24,10,0,1,0,25,19,2930,82,874,1975,14,11527,10,1,1916,50,2862
2020-07-25,10,3,1,0,22,19,2931,85,874,1976,15,11539,13,1,1919,50,2863
2020-07-26,4,2,3,0,23,20,2934,87,874,1976,15,11543,6,3,1921,50,2866
2020-07-27,6,5,3,0,26,21,2937,95,874,1978,13,11553,11,3,1926,50,2869
2020-07-28,10,2,0,0,26,21,2937,98,874,1979,12,11565,12,0,1928,50,2869
2020-07-29,4,0,0,0,25,21,2937,89,875,1980,12,11568,4,0,1928,50,2869
2020-07-30,15,3,3,0,27,22,2940,93,875,1982,10,11585,18,3,1931,50,2872
2020-07-31,11,1,4,0,30,24,2944,97,877,1982,9,11595,12,4,1932,50,2876
2020-08-01,8,3,2,0,31,24,2946,98,877,1983,9,11605,11,2,1935,50,2878
2020-08-02,11,2,2,0,32,24,2948,108,877,1983,9,11617,13,2,1937,50,2880
2020-08-03,15,3,3,0,35,24,2951,118,877,1983,10,11634,18,3,1940,50,2883
2020-08-04,8,3,3,0,37,26,2954,111,878,1984,11,11643,11,3,1943,50,2886
2020-08-05,8,3,2,0,36,25,2956,106,878,1987,8,11653,11,2,1946,50,2888
2020-08-06,11,2,3,0,39,27,2959,105,879,1988,7,11663,13,3,1948,50,2891
2020-08-07,14,2,1,0,39,27,2960,112,879,1989,6,11679,16,1,1950,50,2892
2020-08-08,18,1,1,0,40,28,2961,119,879,1989,7,11698,19,1,1951,50,2893
2020-08-09,19,4,5,1,45,32,2967,132,881,1990,10,11717,23,6,1955,51,2898
2020-08-10,15,4,4,0,43,32,2971,142,881,1991,10,11735,19,4,1959,51,2902
2020-08-11,27,6,3,0,45,32,2974,161,882,1992,12,11766,33,3,1965,51,2905
2020-08-12,20,0,4,0,45,30,2978,163,882,1993,17,11782,20,4,1965,51,2909
2020-08-13,19,5,4,0,43,30,2982,163,882,1993,18,11803,24,4,1970,51,2913
2020-08-14,12,3,6,0,48,32,2988,158,882,1994,20,11814,15,6,1973,51,2919
2020-08-15,15,3,1,0,46,32,2989,154,883,1994,22,11832,18,1,1976,51,2920
2020-08-16,17,4,4,0,47,33,2993,163,883,1995,21,11851,21,4,1980,51,2924
2020-08-17,19,8,7,1,55,37,3001,180,885,1998,22,11875,27,8,1988,52,2931
2020-08-18,11,1,2,0,51,37,3003,175,885,2002,21,11885,12,2,1989,52,2933
2020-08-19,17,2,3,0,50,36,3006,178,885,2008,19,11900,19,3,1991,52,2936
2020-08-20,24,2,6,0,52,39,3012,187,886,2011,15,11922,26,6,1993,52,2942
2020-08-21,18,9,5,0,55,38,3017,181,887,2014,15,11945,27,5,2002,52,2947
2020-08-22,10,4,0,0,51,36,3017,161,887,2014,17,11959,14,0,2006,52,2947
2020-08-23,14,2,5,0,53,38,3022,162,887,2015,17,11971,16,5,2008,52,2952
2020-08-24,11,4,2,0,53,39,3024,166,888,2016,23,11984,15,2,2012,52,2954
2020-08-25,19,3,3,0,48,34,3027,172,888,2017,24,12003,22,3,2015,52,2957
2020-08-26,12,6,0,0,46,34,3027,162,888,2023,21,12021,18,0,2021,52,2957
2020-08-27,7,1,2,0,45,33,3029,147,888,2027,21,12028,8,2,2022,52,2959
2020-08-28,12,2,2,0,43,34,3031,149,889,2032,17,12040,14,2,2024,52,2961
2020-08-29,2,2,3,0,44,33,3034,132,889,2033,16,12043,4,3,2026,52,2964
2020-08-30,10,2,3,0,49,36,3037,134,890,2033,17,12055,12,3,2028,52,2967
2020-08-31,16,3,1,0,48,35,3038,145,892,2036,17,12073,19,1,2031,52,2968
2020-09-01,14,1,2,0,44,36,3040,144,893,2038,17,12086,15,2,2032,52,2970
2020-09-02,17,9,2,0,43,35,3042,150,893,2040,17,12109,26,2,2041,52,2972
2020-09-03,12,3,3,0,44,33,3045,145,893,2043,14,12122,15,3,2044,52,2975
2020-09-04,17,5,4,0,48,35,3049,152,894,2044,17,12142,22,4,2049,52,2979
2020-09-05,18,3,1,0,44,34,3050,152,894,2044,18,12161,21,1,2052,52,2980
2020-09-06,23,6,4,0,48,35,3054,170,894,2044,19,12184,29,4,2058,52,2984
2020-09-07,29,5,3,0,49,35,3057,191,894,2045,21,12215,34,3,2063,52,2987
2020-09-08,23,5,3,0,48,32,3060,205,895,2045,24,12242,28,3,2068,52,2990
2020-09-09,34,10,4,0,49,32,3064,225,896,2047,23,12284,44,4,2078,52,2994
2020-09-10,18,4,5,0,52,32,3069,219,897,2049,21,12303,22,5,2082,52,2999
2020-09-11,42,3,6,0,57,33,3075,239,897,2051,21,12340,45,6,2085,52,3005
2020-09-12,20,1,6,0,60,35,3081,236,897,2052,22,12359,21,6,2086,52,3011
2020-09-13,25,5,4,0,62,36,3085,249,897,2052,22,12387,30,4,2091,52,3015
2020-09-14,52,8,10,1,73,38,3096,290,898,2055,23,12444,60,11,2099,53,3025
2020-09-15,40,3,4,0,73,38,3100,298,899,2059,24,12484,43,4,2102,53,3029
2020-09-16,48,7,1,0,68,39,3101,324,900,2060,26,12537,55,1,2109,53,3030
2020-09-17,55,8,4,0,68,40,3105,343,900,2065,24,12596,63,4,2117,53,3034
2020-09-18,80,2,7,0,72,39,3112,381,900,2067,24,12668,82,7,2119,53,3041
2020-09-19,60,5,14,0,85,44,3126,399,901,2069,23,12726,65,14,2124,53,3055
2020-09-20,51,2,13,0,96,46,3139,419,902,2069,26,12770,53,13,2126,53,3068
2020-09-21,81,3,13,0,105,48,3152,471,905,2072,23,12849,84,13,2129,53,3081
2020-09-22,71,3,10,0,112,52,3163,501,905,2075,24,12917,74,10,2132,53,3091
2020-09-23,96,6,13,0,121,54,3176,544,906,2080,23,13010,102,13,2138,53,3104
2020-09-24,106,7,11,0,128,56,3187,593,907,2082,24,13115,113,11,2145,53,3115
2020-09-25,92,6,18,0,142,57,3205,621,909,2086,24,13201,98,18,2151,53,3133
2020-09-26,79,2,13,0,147,59,3218,616,910,2087,29,13274,81,13,2153,53,3146
2020-09-27,81,5,17,1,158,59,3236,649,912,2087,36,13350,86,18,2158,54,3163
2020-09-28,112,3,15,0,165,61,3251,704,914,2090,43,13455,115,15,2161,54,3178
2020-09-29,100,6,22,1,175,63,3274,741,916,2093,51,13548,106,23,2167,55,3200
2020-09-30,113,1,15,0,176,63,3289,758,919,2096,55,13654,114,15,2168,55,3215
2020-10-01,111,12,13,0,180,65,3302,786,923,2104,55,13770,123,13,2180,55,3228
2020-10-02,122,4,14,0,180,64,3316,808,923,2107,61,13884,126,14,2184,55,3242
2020-10-03,137,5,19,0,190,68,3335,830,925,2111,65,14014,142,19,2189,55,3261
2020-10-04,104,3,21,0,201,68,3356,870,930,2115,68,14113,107,21,2192,55,3282
2020-10-05,165,5,28,0,216,67,3384,975,933,2119,71,14271,170,28,2197,55,3310
2020-10-06,156,3,34,0,239,69,3418,1020,935,2131,74,14413,159,34,2200,55,3344
2020-10-07,147,5,29,1,252,69,3448,1043,939,2140,76,14553,152,30,2205,56,3373
2020-10-08,161,3,22,0,258,69,3470,1071,942,2147,77,14701,164,22,2208,56,3395
2020-10-09,209,6,28,0,274,70,3498,1147,953,2157,83,14895,215,28,2214,56,3423
2020-10-10,152,3,27,0,273,70,3525,1129,956,2167,82,15033,155,27,2217,56,3450
2020-10-11,159,3,19,0,279,68,3544,1187,963,2171,91,15187,162,19,2220,56,3469
2020-10-12,241,3,41,0,301,68,3585,1334,967,2181,91,15404,244,41,2223,56,3510
2020-10-13,247,6,36,0,320,72,3621,1431,970,2194,89,15634,253,36,2229,56,3546
2020-10-14,205,4,35,0,341,72,3656,1425,976,2201,95,15820,209,35,2233,56,3581
2020-10-15,219,6,36,2,360,72,3694,1452,978,2210,105,16016,225,38,2239,58,3617
2020-10-16,221,6,55,0,397,73,3749,1501,990,2230,106,16214,227,55,2245,58,3672
2020-10-17,214,3,30,0,391,74,3779,1492,996,2236,110,16408,217,30,2248,58,3702
2020-10-18,188,5,41,0,415,74,3820,1527,1001,2241,120,16573,193,41,2253,58,3743
2020-10-19,284,11,58,1,453,76,3880,1679,1006,2252,128,16830,295,59,2264,59,3801
2020-10-20,243,13,49,1,479,74,3930,1737,1014,2270,130,17050,256,50,2277,60,3850
2020-10-21,273,3,48,0,494,75,3978,1771,1024,2283,138,17298,276,48,2280,60,3898
2020-10-22,281,4,43,0,507,75,4021,1843,1032,2304,147,17556,285,43,2284,60,3941
2020-10-23,310,10,53,0,521,75,4074,1924,1051,2322,144,17845,320,53,2294,60,3994
2020-10-24,208,7,36,1,524,74,4111,1856,1058,2333,159,18035,215,37,2301,61,4030
2020-10-25,252,7,47,0,540,73,4158,1928,1074,2343,166,18261,259,47,2308,61,4077
2020-10-26,341,3,60,0,567,75,4218,2088,1080,2361,182,18561,344,60,2311,61,4137
2020-10-27,292,3,49,0,578,76,4267,2097,1092,2387,176,18822,295,49,2314,61,4186
2020-10-28,276,6,51,0,596,76,4318,2074,1098,2408,187,19073,282,51,2320,61,4237
2020-10-29,273,9,46,0,607,76,4364,2045,1107,2427,190,19315,282,46,2329,61,4283
2020-10-30,290,12,42,0,614,75,4406,2065,1119,2450,194,19582,302,42,2341,61,4325
2020-10-31,201,6,48,0,623,76,4454,1986,1136,2459,200,19765,207,48,2347,61,4373
2020-11-01,220,3,43,0,632,77,4497,2008,1147,2467,215,19959,223,43,2350,61,4416
2020-11-02,385,12,59,0,658,77,4557,2217,1156,2493,219,20311,397,59,2362,61,4475
2020-11-03,239,5,31,1,653,77,4589,2164,1167,2520,215,20525,244,32,2367,62,4506
2020-11-04,246,5,39,0,658,76,4629,2097,1180,2550,210,20733,251,39,2372,62,4545
2020-11-05,242,4,35,0,650,76,4664,2026,1196,2582,200,20949,246,35,2376,62,4580
2020-11-06,241,8,35,0,647,76,4699,1950,1212,2608,206,21171,249,35,2384,62,4615
2020-11-07,153,9,39,0,639,76,4738,1800,1224,2617,221,21301,162,39,2393,62,4654
2020-11-08,160,2,44,0,644,76,4782,1780,1235,2627,240,21432,162,44,2395,62,4698
2020-11-09,296,6,41,0,645,77,4823,1925,1248,2661,228,21699,302,41,2401,62,4739
2020-11-10,226,7,37,0,648,77,4860,1862,1263,2689,226,21896,233,37,2408,62,4776
2020-11-11,235,4,36,0,643,77,4896,1816,1274,2718,220,22100,239,36,2412,62,4812
2020-11-12,206,8,41,0,648,77,4937,1764,1286,2745,211,22277,214,41,2420,62,4853
2020-11-13,246,6,31,0,650,77,4968,1745,1301,2784,210,22497,252,31,2426,62,4884
2020-11-14,141,3,22,0,617,77,4990,1611,1312,2791,223,22616,144,22,2429,62,4906
2020-11-15,146,9,34,0,621,76,5024,1606,1330,2800,238,22745,155,34,2438,62,4940
2020-11-16,255,16,36,0,617,76,5060,1753,1346,2826,237,22973,271,36,2454,62,4976
2020-11-17,201,10,29,0,604,76,5089,1724,1362,2858,233,23154,211,29,2464,62,5005
2020-11-18,194,6,31,0,588,76,5120,1666,1375,2884,230,23326,200,31,2470,62,5036
2020-11-19,192,12,39,0,590,76,5159,1605,1388,2914,227,23495,204,39,2482,62,5075
2020-11-20,171,4,28,1,581,76,5188,1515,1402,2944,219,23647,175,29,2486,63,5103
2020-11-21,141,2,21,0,567,76,5209,1418,1415,2951,227,23772,143,21,2488,63,5124
2020-11-22,167,7,25,0,562,76,5234,1452,1429,2957,230,23924,174,25,2495,63,5149
2020-11-23,220,8,26,0,564,76,5260,1582,1446,2987,224,24120,228,26,2503,63,5175
2020-11-24,155,13,34,0,557,76,5295,1535,1460,3016,218,24264,168,34,2516,63,5209
2020-11-25,163,3,41,0,563,77,5336,1464,1474,3043,211,24397,166,41,2519,63,5250
2020-11-26,192,7,30,0,558,76,5366,1470,1488,3064,209,24567,199,30,2526,63,5280
2020-11-27,181,10,17,0,541,75,5383,1462,1496,3095,197,24733,191,17,2536,63,5297
2020-11-28,101,3,21,0,535,75,5404,1362,1510,3103,207,24815,104,21,2539,63,5318
2020-11-29,119,2,18,0,520,75,5423,1367,1520,3107,223,24923,121,18,2541,63,5336
2020-11-30,173,5,24,2,517,75,5449,1452,1532,3135,220,25069,178,26,2546,65,5360
2020-12-01,153,1,30,0,510,75,5479,1406,1543,3157,218,25201,154,30,2547,65,5390
2020-12-02,169,4,30,0,511,75,5509,1369,1555,3181,222,25344,173,30,2551,65,5420
2020-12-03,187,2,30,0,499,75,5539,1376,1562,3198,220,25506,189,30,2553,65,5450
2020-12-04,207,10,33,0,509,76,5572,1409,1573,3231,205,25691,217,33,2563,65,5483
2020-12-05,146,5,25,0,503,76,5597,1361,1583,3235,212,25826,151,25,2568,65,5508
2020-12-06,141,5,28,0,508,76,5625,1402,1594,3241,220,25947,146,28,2573,65,5536
2020-12-07,221,8,21,0,504,75,5646,1513,1602,3265,218,26157,229,21,2581,65,5557
2020-12-08,180,8,40,0,514,75,5686,1498,1615,3293,213,26314,188,40,2589,65,5597
2020-12-09,183,6,31,0,506,76,5717,1481,1626,3321,204,26473,189,31,2595,65,5628
2020-12-10,200,7,33,0,511,76,5750,1478,1635,3342,210,26652,207,33,2602,65,5661
2020-12-11,258,11,36,0,508,76,5786,1550,1643,3364,203,26884,269,36,2613,65,5697
2020-12-12,156,2,22,0,505,75,5808,1522,1650,3372,204,27028,158,22,2615,65,5719
2020-12-13,180,8,42,0,530,75,5850,1575,1658,3374,215,27184,188,42,2623,65,5761
2020-12-14,279,9,24,1,535,75,5875,1747,1665,3403,211,27441,288,25,2632,66,5785
2020-12-15,221,3,44,1,548,76,5920,1742,1672,3422,212,27623,224,45,2635,67,5829
2020-12-16,247,6,36,0,559,76,5956,1769,1686,3449,194,27850,253,36,2641,67,5865
2020-12-17,256,11,48,0,584,76,6004,1813,1695,3473,191,28091,267,48,2652,67,5913
2020-12-18,287,4,38,1,591,77,6043,1868,1702,3497,192,28356,291,39,2656,68,5951
2020-12-19,183,5,43,0,602,77,6086,1771,1714,3501,211,28516,188,43,2661,68,5994
2020-12-20,191,4,55,0,624,77,6141,1785,1730,3509,221,28676,195,55,2665,68,6049
2020-12-21,346,3,32,0,621,76,6173,1982,1742,3540,211,28985,349,32,2668,68,6081
2020-12-22,279,6,43,0,629,76,6216,2000,1752,3569,202,29235,285,43,2674,68,6124
2020-12-23,293,7,48,0,646,77,6264,2026,1763,3594,208,29496,300,48,2681,68,6172
2020-12-24,302,10,49,0,651,78,6313,2044,1776,3628,204,29767,312,49,2691,68,6221
2020-12-25,232,5,36,0,643,78,6349,1942,1790,3634,212,29976,237,36,2696,68,6257
2020-12-26,238,4,42,0,656,78,6391,1981,1799,3640,226,30179,242,42,2700,68,6299
2020-12-27,269,3,44,0,672,78,6435,2072,1813,3646,241,30408,272,44,2703,68,6343
2020-12-28,449,5,68,0,707,78,6504,2356,1825,3672,245,30813,454,68,2708,68,6411
2020-12-29,250,3,61,0,727,78,6566,2335,1833,3697,247,31020,253,61,2711,68,6472
2020-12-30,263,9,45,0,736,78,6612,2294,1845,3726,240,31255,272,45,2720,68,6517
2020-12-31,265,5,39,1,737,77,6652,2215,1862,3747,252,31491,270,40,2725,69,6556
2021-01-01,213,3,40,0,725,77,6692,2052,1872,3761,263,31689,216,40,2728,69,6596
2021-01-02,233,2,40,0,730,77,6732,2102,1886,3769,282,31891,235,40,2730,69,6636
2021-01-03,230,7,45,0,732,77,6777,2126,1902,3780,299,32093,237,45,2737,69,6681
2021-01-04,332,5,58,0,750,77,6835,2251,1915,3806,319,32373,337,58,2742,69,6739
2021-01-05,284,6,54,0,746,78,6889,2217,1936,3847,314,32612,290,54,2748,69,6793
2021-01-06,244,7,45,0,733,78,6934,2160,1949,3888,297,32825,251,45,2755,69,6838
2021-01-07,241,6,38,0,732,78,6972,2102,1970,3925,286,33032,247,38,2761,69,6876
2021-01-08,243,7,45,0,730,78,7017,2040,1992,3964,277,33233,250,45,2768,69,6921
2021-01-09,162,2,31,0,709,78,7048,1866,2005,3976,287,33370,164,31,2770,69,6952
2021-01-10,189,3,31,0,705,77,7079,1876,2011,3986,298,33535,192,31,2773,69,6983
2021-01-11,276,8,38,0,717,78,7117,2009,2029,4020,286,33787,284,38,2781,69,7021
2021-01-12,211,8,45,0,724,78,7162,1944,2037,4063,266,33963,219,45,2789,69,7066
2021-01-13,239,6,36,0,725,77,7198,1887,2054,4096,267,34173,245,36,2795,69,7102
2021-01-14,207,8,34,1,708,78,7232,1825,2063,4133,263,34359,215,35,2803,70,7136
2021-01-15,218,9,37,0,701,78,7269,1807,2075,4163,264,34553,227,37,2812,70,7173
2021-01-16,163,3,27,0,683,77,7296,1680,2086,4171,274,34695,166,27,2815,70,7200
2021-01-17,150,6,38,0,691,77,7334,1635,2091,4178,295,34824,156,38,2821,70,7238
2021-01-18,247,9,41,0,701,77,7375,1761,2107,4214,285,35044,256,41,2830,70,7279
2021-01-19,217,6,34,0,694,77,7409,1748,2116,4251,281,35235,223,34,2836,70,7313
2021-01-20,188,4,33,0,686,76,7442,1673,2127,4284,269,35392,192,33,2840,70,7346
2021-01-21,230,9,39,0,691,76,7482,1674,2142,4318,264,35598,239,39,2849,70,7385
2021-01-22,209,7,35,0,683,76,7517,1653,2154,4358,257,35779,216,35,2856,70,7420
2021-01-23,158,3,33,0,672,77,7550,1575,2164,4371,261,35919,161,33,2859,70,7453
2021-01-24,153,1,26,0,670,77,7576,1585,2176,4375,279,36050,154,26,2860,70,7479
2021-01-25,210,6,54,1,693,77,7631,1680,2189,4413,269,36235,216,55,2866,71,7533
2021-01-26,175,8,34,0,684,77,7665,1634,2205,4443,279,36381,183,34,2874,71,7567
2021-01-27,183,6,28,0,658,78,7693,1572,2219,4468,278,36536,189,28,2880,71,7595
2021-01-28,204,3,43,1,660,77,7737,1531,2228,4494,277,36704,207,44,2883,72,7638
2021-01-29,218,6,27,0,655,78,7764,1542,2245,4523,279,36903,224,27,2889,72,7665
2021-01-30,132,4,31,0,641,78,7795,1472,2252,4535,279,37016,136,31,2893,72,7696
2021-01-31,149,6,35,1,657,78,7831,1507,2265,4540,289,37140,155,36,2899,73,7731
2021-02-01,233,6,29,1,660,78,7861,1613,2277,4574,291,37336,239,30,2905,74,7760
2021-02-02,179,7,28,0,641,78,7889,1580,2292,4605,289,37498,186,28,2912,74,7788
2021-02-03,169,7,29,0,627,78,7919,1522,2302,4648,284,37650,176,29,2919,74,7817
2021-02-04,186,11,26,0,602,78,7945,1490,2311,4689,279,37818,197,26,2930,74,7843
2021-02-05,182,12,19,0,571,77,7964,1481,2326,4730,270,37995,194,19,2942,74,7862
2021-02-06,129,3,21,0,545,77,7985,1356,2339,4738,284,38108,132,21,2945,74,7883
2021-02-07,118,3,21,0,531,77,8006,1338,2347,4743,291,38205,121,21,2948,74,7904
2021-02-08,191,4,32,0,543,78,8038,1443,2349,4782,273,38370,195,32,2952,74,7936
2021-02-09,189,5,19,1,540,78,8058,1418,2361,4826,247,38549,194,20,2957,75,7955
2021-02-10,191,5,28,0,540,77,8086,1419,2371,4862,231,38712,196,28,2962,75,7983
2021-02-11,176,8,32,0,538,75,8118,1405,2379,4892,228,38865,184,32,2970,75,8015
2021-02-12,181,4,33,0,534,75,8151,1382,2388,4922,218,39021,185,33,2974,75,8048
2021-02-13,113,3,22,0,528,76,8173,1285,2395,4931,223,39123,116,22,2977,75,8070
2021-02-14,140,4,26,0,533,76,8199,1291,2406,4935,231,39244,144,26,2981,75,8096
2021-02-15,218,4,36,0,546,76,8235,1405,2413,4969,232,39438,222,36,2985,75,8132
2021-02-16,176,5,39,0,541,78,8274,1389,2420,5001,225,39591,181,39,2990,75,8171
2021-02-17,164,10,36,0,541,78,8310,1373,2427,5028,229,39731,174,36,3000,75,8207
2021-02-18,196,8,26,1,529,78,8337,1380,2433,5051,230,39909,204,27,3008,76,8233
2021-02-19,159,5,32,0,532,77,8369,1359,2441,5086,219,40053,164,32,3013,76,8265
2021-02-20,126,3,40,0,538,77,8409,1264,2449,5094,224,40154,129,40,3016,76,8305
2021-02-21,126,7,36,0,554,77,8445,1263,2452,5099,236,40257,133,36,3023,76,8341
2021-02-22,212,9,32,0,566,77,8477,1374,2462,5126,240,40448,221,32,3032,76,8373
2021-02-23,163,6,26,0,553,77,8503,1363,2467,5149,245,40588,169,26,3038,76,8399
2021-02-24,176,8,29,1,549,77,8533,1346,2477,5182,235,40745,184,30,3046,77,8428
2021-02-25,154,7,47,0,560,78,8580,1307,2485,5205,249,40868,161,47,3053,77,8475
2021-02-26,193,8,29,0,545,77,8609,1295,2493,5230,255,41033,201,29,3061,77,8504
2021-02-27,133,3,20,0,526,77,8630,1239,2497,5243,260,41151,136,20,3064,77,8524
2021-02-28,147,9,42,0,545,77,8672,1255,2503,5247,272,41273,156,42,3073,77,8566
2021-03-01,231,8,50,1,576,78,8723,1379,2512,5283,271,41468,239,51,3081,78,8616
2021-03-02,169,7,39,0,570,78,8762,1360,2525,5325,261,41603,176,39,3088,78,8655
2021-03-03,149,6,34,0,558,78,8796,1312,2531,5359,250,41724,155,34,3094,78,8689
2021-03-04,171,5,42,0,571,78,8838,1293,2539,5391,251,41864,176,42,3099,78,8731
2021-03-05,172,8,36,0,565,78,8874,1277,2544,5429,243,42019,180,36,3107,78,8767
2021-03-06,115,9,38,0,574,78,8912,1194,2554,5441,251,42118,124,38,3116,78,8805
2021-03-07,150,5,33,0,575,76,8945,1215,2560,5451,252,42250,155,33,3121,78,8838
2021-03-08,220,7,42,0,599,77,8987,1326,2569,5478,258,42439,227,42,3128,78,8880
2021-03-09,184,8,35,0,590,78,9022,1327,2573,5516,247,42604,192,35,3136,78,8915
2021-03-10,182,11,43,0,601,78,9065,1300,2580,5544,251,42762,193,43,3147,78,8958
2021-03-11,190,4,42,0,602,78,9107,1290,2590,5571,253,42917,194,42,3151,78,9000
2021-03-12,188,7,31,0,592,78,9138,1295,2603,5605,253,43084,195,31,3158,78,9031
2021-03-13,162,8,34,0,578,78,9172,1259,2609,5614,270,43231,170,34,3166,78,9065
2021-03-14,155,6,41,0,583,78,9213,1285,2617,5619,288,43362,161,41,3172,78,9106
2021-03-15,222,3,45,0,598,78,9258,1405,2625,5659,274,43551,225,45,3175,78,9151
2021-03-16,209,4,45,0,608,78,9303,1409,2637,5696,280,43730,213,45,3179,78,9196
2021-03-17,192,9,38,0,590,78,9341,1396,2650,5728,282,43893,201,38,3188,78,9234
2021-03-18,231,8,54,0,597,77,9395,1438,2660,5759,277,44093,239,54,3196,78,9288
2021-03-19,223,3,48,0,609,77,9443,1449,2669,5803,253,44288,226,48,3199,78,9336
2021-03-20,176,1,38,0,617,78,9481,1405,2679,5812,267,44425,177,38,3200,78,9374
2021-03-21,193,3,52,0,635,78,9533,1453,2684,5815,284,44582,196,52,3203,78,9426
2021-03-22,278,4,40,0,647,78,9573,1588,2693,5859,274,44825,282,40,3207,78,9466
2021-03-23,218,9,42,0,642,78,9615,1554,2702,5900,263,45025,227,42,3216,78,9508
2021-03-24,237,7,37,0,640,78,9653,1561,2708,5937,259,45237,244,37,3223,78,9545
2021-03-25,239,7,58,0,657,78,9712,1556,2720,5972,264,45435,246,58,3230,78,9603
2021-03-26,276,3,60,0,662,77,9772,1578,2730,6005,259,45662,279,60,3233,78,9663
2021-03-27,157,6,40,0,665,78,9812,1504,2735,6020,268,45794,163,40,3239,78,9703
2021-03-28,190,5,34,0,672,78,9847,1524,2742,6028,276,45956,195,34,3244,78,9737
2021-03-29,334,11,48,0,694,78,9895,1712,2752,6066,277,46258,345,48,3255,78,9785
2021-03-30,241,5,51,0,695,78,9946,1689,2765,6105,275,46454,246,51,3260,78,9836
2021-03-31,250,10,60,0,709,78,10006,1649,2778,6144,271,46658,260,60,3270,78,9896
2021-04-01,262,4,46,0,703,78,10052,1664,2789,6176,265,46881,266,46,3274,78,9942
2021-04-02,228,8,67,1,735,78,10121,1595,2798,6218,250,47061,236,68,3282,79,10009
2021-04-03,164,2,46,0,745,78,10167,1498,2811,6242,256,47191,166,46,3284,79,10055
2021-04-04,204,5,54,0,759,78,10222,1512,2815,6255,281,47357,209,54,3289,79,10109
2021-04-05,221,6,53,0,770,78,10275,1582,2823,6264,304,47548,227,53,3295,79,10162
2021-04-06,275,6,55,0,785,78,10330,1689,2836,6304,299,47800,281,55,3301,79,10217
2021-04-07,243,9,62,1,801,78,10393,1683,2848,6342,292,48006,252,63,3310,80,10279
2021-04-08,239,9,48,0,806,78,10441,1647,2863,6397,274,48212,248,48,3319,80,10327
2021-04-09,291,7,55,0,810,78,10496,1668,2877,6429,288,48472,298,55,3326,80,10382
2021-04-10,206,2,51,0,800,78,10548,1578,2889,6447,311,48648,208,51,3328,80,10433
2021-04-11,197,6,58,0,804,78,10606,1591,2904,6455,333,48813,203,58,3334,80,10491
2021-04-12,235,10,48,0,807,78,10655,1664,2920,6496,330,49013,245,48,3344,80,10539
2021-04-13,219,5,44,0,795,78,10699,1610,2933,6539,319,49199,224,44,3349,80,10583
2021-04-14,244,5,54,0,802,77,10753,1582,2948,6584,307,49407,249,54,3354,80,10637
2021-04-15,236,9,64,0,819,77,10817,1561,2966,6618,311,49611,245,64,3363,80,10701
2021-04-16,253,6,52,0,812,77,10870,1597,2978,6673,288,49837,259,52,3369,80,10753
2021-04-17,205,5,54,0,821,77,10924,1517,2991,6690,314,50002,210,54,3374,80,10807
2021-04-18,210,4,54,0,820,77,10978,1546,2999,6697,340,50170,214,54,3378,80,10861
2021-04-19,334,4,64,0,846,78,11042,1744,3014,6738,348,50459,338,64,3382,80,10925
2021-04-20,276,9,52,0,834,77,11094,1750,3025,6788,328,50700,285,52,3391,80,10977
2021-04-21,275,4,51,0,842,77,11145,1751,3038,6826,320,50936,279,51,3395,80,11028
2021-04-22,228,6,45,0,843,77,11190,1749,3051,6876,310,51133,234,45,3401,80,11073
2021-04-23,252,14,64,0,858,77,11254,1721,3069,6927,307,51345,266,64,3415,80,11137
2021-04-24,199,4,51,0,841,76,11305,1602,3078,6940,330,51512,203,51,3419,80,11188
2021-04-25,221,4,43,0,838,77,11348,1629,3088,6958,358,51697,225,43,3423,80,11231
2021-04-26,333,6,60,0,841,77,11408,1802,3098,7015,347,51986,339,60,3429,80,11291
2021-04-27,182,6,52,0,838,77,11460,1711,3109,7039,361,52131,188,52,3435,80,11343
2021-04-28,326,5,48,0,835,77,11509,1834,3125,7083,360,52423,331,48,3440,80,11391
2021-04-29,283,3,66,0,842,77,11575,1868,3137,7128,359,52652,286,66,3443,80,11457
2021-04-30,250,6,51,0,838,77,11626,1847,3153,7179,347,52863,256,51,3449,80,11508
2021-05-01,180,0,38,0,822,77,11664,1723,3165,7197,350,53012,180,38,3449,80,11546
2021-05-02,181,4,67,0,854,78,11731,1673,3188,7212,369,53150,185,67,3453,80,11613
2021-05-03,276,6,52,0,851,78,11783,1777,3201,7262,358,53391,282,52,3459,80,11665
2021-05-04,226,4,51,0,851,77,11834,1720,3216,7317,343,53581,230,51,3463,80,11716
2021-05-05,194,3,43,1,837,78,11879,1598,3234,7337,367,53739,197,44,3466,81,11759
2021-05-06,215,5,45,0,821,78,11924,1618,3248,7380,367,53913,220,45,3471,81,11804
2021-05-07,232,3,46,0,809,78,11970,1628,3261,7435,353,54108,235,46,3474,81,11850
2021-05-08,150,4,38,0,790,77,12008,1509,3277,7450,368,54232,154,38,3478,81,11888
2021-05-09,163,3,36,0,780,77,12044,1480,3290,7464,393,54365,166,36,3481,81,11924
2021-05-10,246,3,36,0,763,78,12080,1574,3304,7511,383,54581,249,36,3484,81,11960
2021-05-11,190,3,41,0,752,78,12121,1514,3312,7574,358,54735,193,41,3487,81,12001
2021-05-12,172,4,37,0,741,78,12159,1438,3324,7625,334,54884,176,37,3491,81,12038
2021-05-13,149,2,27,0,726,78,12186,1325,3329,7641,345,55012,151,27,3493,81,12065
2021-05-14,208,2,32,0,725,78,12218,1392,3345,7690,334,55190,210,32,3495,81,12097
2021-05-15,139,3,33,0,708,78,12251,1276,3356,7705,355,55304,142,33,3498,81,12130
2021-05-16,128,5,25,0,687,78,12276,1249,3363,7715,378,55414,133,25,3503,81,12155
2021-05-17,189,6,37,0,686,78,12313,1337,3376,7765,372,55575,195,37,3509,81,12192
2021-05-18,153,5,33,0,662,78,12346,1290,3389,7821,346,55702,158,33,3514,81,12225
2021-05-19,136,6,23,0,641,77,12369,1198,3396,7870,324,55816,142,23,3520,81,12248
2021-05-20,150,9,23,0,628,77,12392,1158,3410,7912,308,55951,159,23,3529,81,12271
2021-05-21,139,2,23,0,611,77,12415,1117,3414,7966,275,56065,141,23,3531,81,12294
2021-05-22,89,4,26,0,608,77,12441,1006,3423,7981,280,56136,93,26,3535,81,12320
2021-05-23,82,5,21,0,600,76,12462,972,3430,7988,296,56208,87,21,3540,81,12341
2021-05-24,99,2,30,0,600,77,12492,967,3435,7996,313,56275,101,30,3542,81,12371
2021-05-25,120,3,17,0,587,77,12509,994,3445,8038,299,56374,123,17,3545,81,12388
2021-05-26,80,2,13,0,561,77,12522,925,3449,8083,279,56440,82,13,3547,81,12401
2021-05-27,89,4,18,0,547,77,12540,856,3455,8114,277,56510,93,18,3551,81,12419
2021-05-28,89,1,16,0,527,77,12556,817,3466,8159,251,56585,90,16,3552,81,12435
2021-05-29,56,3,10,1,507,76,12567,728,3473,8170,259,56630,59,11,3555,82,12445
2021-05-30,54,5,12,0,493,76,12579,701,3478,8176,277,56679,59,12,3560,82,12457
2021-05-31,84,7,9,0,474,76,12588,731,3487,8213,263,56755,91,9,3567,82,12466
2021-06-01,67,4,7,0,449,76,12595,680,3497,8249,251,56815,71,7,3571,82,12473
2021-06-02,63,5,13,0,427,77,12608,636,3503,8284,246,56868,68,13,3576,82,12486
2021-06-03,55,3,6,0,398,76,12614,598,3510,8307,247,56916,58,6,3579,82,12492
2021-06-04,79,5,5,0,372,76,12619,603,3518,8339,229,56993,84,5,3584,82,12497
2021-06-05,42,5,7,0,357,75,12626,562,3524,8346,231,57031,47,7,3589,82,12504
2021-06-06,43,6,5,0,347,75,12631,555,3528,8351,233,57073,49,5,3595,82,12509
2021-06-07,48,5,5,0,343,74,12636,565,3535,8389,213,57115,53,5,3600,82,12514
2021-06-08,52,1,8,0,325,75,12644,532,3543,8426,189,57160,53,8,3601,82,12522
2021-06-09,39,2,9,0,313,74,12653,477,3545,8456,173,57193,41,9,3603,82,12531
2021-06-10,39,0,4,0,301,73,12657,447,3551,8480,164,57224,39,4,3603,82,12535
2021-06-11,34,0,6,0,285,73,12663,420,3555,8498,161,57250,34,6,3603,82,12541
2021-06-12,22,3,7,0,272,73,12670,371,3556,8499,167,57272,25,7,3606,82,12548
2021-06-13,22,3,2,0,267,73,12672,371,3556,8500,174,57294,25,2,3609,82,12550
2021-06-14,42,6,7,0,268,74,12679,395,3558,8511,179,57330,48,7,3615,82,12557
2021-06-15,24,5,4,0,254,73,12683,352,3560,8530,176,57353,29,4,3620,82,12561
2021-06-16,26,3,6,0,241,73,12689,331,3569,8549,163,57377,29,6,3623,82,12567
2021-06-17,27,2,5,0,230,73,12694,327,3573,8573,149,57401,29,5,3625,82,12572
2021-06-18,29,5,3,0,219,72,12697,321,3575,8585,149,57430,34,3,3630,82,12575
2021-06-19,12,2,5,0,208,71,12702,292,3577,8588,155,57440,14,5,3632,82,12580
2021-06-20,17,5,3,0,198,70,12705,289,3581,8590,156,57459,22,3,3637,82,12583
2021-06-21,15,3,5,0,196,70,12710,290,3582,8614,145,57475,18,5,3640,82,12588
2021-06-22,17,3,4,0,185,68,12714,263,3585,8629,141,57492,20,4,3643,82,12592
2021-06-23,16,5,2,0,173,66,12716,254,3588,8640,141,57512,21,2,3648,82,12594
2021-06-24,10,1,1,0,160,66,12717,233,3589,8660,129,57521,11,1,3649,82,12595
2021-06-25,16,2,3,0,152,64,12720,219,3592,8677,113,57535,18,3,3651,82,12598
2021-06-26,11,3,0,0,148,63,12720,207,3594,8682,113,57548,14,0,3654,82,12598
2021-06-27,8,2,3,0,143,62,12723,208,3597,8682,113,57556,10,3,3656,82,12601
2021-06-28,7,1,2,0,142,62,12725,201,3601,8696,107,57564,8,2,3657,82,12603
2021-06-29,10,2,0,0,131,61,12725,200,3602,8709,98,57575,12,0,3659,82,12603
2021-06-30,4,6,1,0,126,59,12726,186,3604,8718,97,57583,10,1,3665,82,12604
2021-07-01,10,4,0,0,115,55,12726,188,3605,8735,86,57596,14,0,3669,82,12604
2021-07-02,8,2,4,0,112,54,12730,179,3605,8745,77,57604,10,4,3671,82,12608
2021-07-03,4,1,1,0,112,53,12731,173,3606,8746,77,57609,5,1,3672,82,12609
2021-07-04,11,0,1,1,112,52,12733,177,3606,8748,76,57619,11,2,3672,83,12610
2021-07-05,9,2,1,0,111,52,12734,180,3607,8758,71,57628,11,1,3674,83,12611
2021-07-06,4,3,1,0,106,52,12735,171,3611,8771,62,57634,7,1,3677,83,12612
2021-07-07,11,2,0,0,98,52,12735,170,3612,8776,63,57647,13,0,3679,83,12612
2021-07-08,17,1,0,0,90,49,12735,177,3613,8782,59,57664,18,0,3680,83,12612
2021-07-09,13,2,3,0,89,49,12738,179,3615,8783,60,57679,15,3,3682,83,12615
2021-07-10,16,1,2,0,86,47,12740,185,3616,8784,62,57696,17,2,3683,83,12617
2021-07-11,17,3,5,0,87,45,12745,196,3616,8784,63,57713,20,5,3686,83,12622
2021-07-12,21,5,3,0,90,47,12748,210,3616,8791,64,57735,26,3,3691,83,12625
2021-07-13,24,5,5,0,86,45,12753,218,3616,8794,65,57759,29,5,3696,83,12630
2021-07-14,33,7,2,0,83,45,12755,242,3617,8800,63,57797,40,2,3703,83,12632
2021-07-15,42,4,5,0,83,44,12760,263,3617,8807,61,57841,46,5,3707,83,12637
2021-07-16,47,3,9,0,87,48,12769,287,3617,8810,60,57886,50,9,3710,83,12646
2021-07-17,43,0,4,0,88,46,12773,303,3617,8811,62,57924,43,4,3710,83,12650
2021-07-18,59,2,6,0,91,48,12779,344,3621,8812,62,57981,61,6,3712,83,12656
2021-07-19,87,3,23,0,109,54,12802,398,3622,8820,61,58059,90,23,3715,83,12679
2021-07-20,76,2,11,0,112,54,12813,434,3623,8829,57,58128,78,11,3717,83,12690
2021-07-21,74,2,15,0,120,55,12828,444,3625,8835,56,58193,76,15,3719,83,12705
2021-07-22,69,2,11,0,124,56,12839,457,3626,8843,53,58257,71,11,3721,83,12716
2021-07-23,94,3,15,0,132,56,12854,495,3628,8849,58,58344,97,15,3724,83,12731
2021-07-24,69,0,24,0,143,59,12878,504,3631,8853,58,58399,69,24,3724,83,12755
2021-07-25,75,2,16,0,152,62,12894,516,3631,8856,64,58462,77,16,3726,83,12771
2021-07-26,96,2,19,0,162,61,12913,574,3632,8865,65,58545,98,19,3728,83,12790
2021-07-27,81,6,22,1,173,68,12936,593,3633,8874,67,58615,87,23,3734,84,12812
2021-07-28,82,2,24,0,184,69,12960,593,3633,8883,68,58676,84,24,3736,84,12836
2021-07-29,80,2,14,0,188,70,12974,601,3634,8895,72,58745,82,14,3738,84,12850
2021-07-30,81,2,16,0,187,68,12990,605,3635,8902,74,58819,83,16,3740,84,12866
2021-07-31,64,0,17,0,194,69,13007,583,3636,8906,78,58878,64,17,3740,84,12883
2021-08-01,60,2,19,0,204,69,13026,597,3636,8910,82,58924,62,19,3742,84,12902
2021-08-02,76,3,18,0,214,69,13044,622,3637,8924,82,58987,79,18,3745,84,12920
2021-08-03,54,5,13,0,211,71,13057,578,3639,8943,73,59035,59,13,3750,84,12933
2021-08-04,63,3,20,0,218,72,13077,549,3640,8951,79,59089,66,20,3753,84,12953
2021-08-05,64,4,22,0,221,72,13099,534,3641,8957,84,59143,68,22,3757,84,12975
2021-08-06,59,3,13,0,222,72,13112,526,3642,8966,94,59192,62,13,3760,84,12988
2021-08-07,47,2,19,0,222,72,13131,510,3643,8967,107,59229,49,19,3762,84,13007
2021-08-08,48,1,16,0,221,71,13147,498,3646,8971,111,59266,49,16,3763,84,13023
2021-08-09,58,3,13,0,223,73,13160,509,3648,8983,108,59317,61,13,3766,84,13036
2021-08-10,59,2,14,0,225,74,13174,511,3653,9004,98,59367,61,14,3768,84,13050
2021-08-11,58,4,17,0,223,74,13191,493,3656,9017,99,59422,62,17,3772,84,13067
2021-08-12,69,3,10,0,218,74,13201,504,3661,9032,101,59486,72,10,3775,84,13077
2021-08-13,81,1,14,0,211,73,13215,522,3666,9044,98,59557,82,14,3776,84,13091
2021-08-14,50,3,12,0,209,73,13227,514,3667,9049,102,59607,53,12,3779,84,13103
2021-08-15,61,1,12,0,209,72,13239,532,3669,9051,108,59660,62,12,3780,84,13115
2021-08-16,76,4,11,0,210,70,13250,565,3670,9065,104,59734,80,11,3784,84,13126
2021-08-17,57,3,13,0,213,71,13263,550,3671,9084,93,59782,60,13,3787,84,13139
2021-08-18,55,0,19,0,224,73,13282,532,3673,9092,96,59821,55,19,3787,84,13158
2021-08-19,71,3,13,0,223,73,13295,529,3673,9110,91,59887,74,13,3790,84,13171
2021-08-20,48,0,15,0,225,72,13310,518,3677,9124,88,59924,48,15,3790,84,13186
2021-08-21,41,0,13,0,223,72,13323,483,3677,9129,89,59955,41,13,3790,84,13199
2021-08-22,60,1,11,0,227,72,13334,505,3680,9131,92,60010,61,11,3791,84,13210
2021-08-23,61,6,18,0,239,73,13352,537,3685,9141,95,60068,67,18,3797,84,13228
2021-08-24,54,3,13,0,235,73,13365,520,3689,9156,92,60116,57,13,3800,84,13241
2021-08-25,54,2,14,0,232,74,13379,505,3694,9168,92,60164,56,14,3802,84,13255
2021-08-26,63,4,16,0,228,74,13395,503,3696,9186,81,60219,67,16,3806,84,13271
2021-08-27,76,1,13,0,232,72,13408,505,3701,9200,75,60286,77,13,3807,84,13284
2021-08-28,52,0,13,0,233,72,13421,484,3706,9202,82,60328,52,13,3807,84,13297
2021-08-29,40,0,8,0,227,72,13429,493,3707,9204,88,60362,40,8,3807,84,13305
2021-08-30,66,3,11,0,228,73,13440,527,3709,9214,92,60424,69,11,3810,84,13316
2021-08-31,59,0,9,0,220,74,13449,503,3713,9227,92,60475,59,9,3810,84,13325
2021-09-01,66,2,13,0,214,74,13462,495,3718,9237,93,60534,68,13,3812,84,13338
2021-09-02,53,3,18,0,216,72,13480,494,3719,9250,89,60577,56,18,3815,84,13356
2021-09-03,71,3,16,0,221,72,13496,506,3722,9257,90,60638,74,16,3818,84,13372
2021-09-04,55,2,11,0,219,73,13507,486,3725,9262,93,60688,57,11,3820,84,13383
2021-09-05,33,2,13,0,222,72,13520,484,3727,9265,96,60715,35,13,3822,84,13396
2021-09-06,59,2,14,0,229,72,13534,503,3731,9279,90,60771,61,14,3824,84,13410
2021-09-07,56,1,15,0,231,73,13549,512,3733,9292,89,60815,57,15,3825,84,13425
2021-09-08,70,6,12,0,229,74,13561,516,3737,9299,94,60878,76,12,3831,84,13437
2021-09-09,50,2,14,0,225,74,13575,497,3743,9311,94,60919,52,14,3833,84,13451
2021-09-10,43,7,15,0,223,74,13590,490,3748,9329,82,60958,50,15,3840,84,13466
2021-09-11,45,3,6,0,216,73,13596,483,3751,9332,88,61002,48,6,3843,84,13472
2021-09-12,47,1,4,0,207,72,13600,493,3751,9333,91,61042,48,4,3844,84,13476
2021-09-13,55,3,4,0,207,71,13604,513,3753,9348,84,61091,58,4,3847,84,13480
2021-09-14,46,8,15,0,211,71,13619,499,3756,9360,84,61135,54,15,3855,84,13495
2021-09-15,46,3,16,0,211,73,13635,473,3758,9370,79,61170,49,16,3858,84,13511
2021-09-16,43,0,6,0,208,73,13641,465,3761,9382,76,61210,43,6,3858,84,13517
2021-09-17,45,4,8,0,204,70,13649,455,3762,9390,78,61251,49,8,3862,84,13525
2021-09-18,38,3,7,0,200,71,13656,431,3763,9390,83,61288,41,7,3865,84,13532
2021-09-19,29,1,11,0,205,71,13667,425,3764,9393,83,61312,30,11,3866,84,13543
2021-09-20,38,4,7,0,208,72,13674,441,3765,9407,82,61347,42,7,3870,84,13550
2021-09-21,25,3,13,0,207,72,13687,418,3767,9416,90,61364,28,13,3873,84,13563
2021-09-22,29,1,6,0,193,72,13693,395,3770,9421,92,61389,30,6,3874,84,13569
2021-09-23,40,6,11,0,194,73,13704,389,3770,9425,98,61429,46,11,3880,84,13580
2021-09-24,39,4,7,0,189,71,13711,377,3773,9438,97,61466,43,7,3884,84,13587
2021-09-25,34,0,8,0,183,72,13719,355,3774,9442,101,61493,34,8,3884,84,13595
2021-09-26,28,3,6,0,179,73,13725,362,3778,9444,106,61518,31,6,3887,84,13601
2021-09-27,45,2,3,0,171,73,13728,392,3781,9452,108,61560,47,3,3889,84,13604
2021-09-28,41,4,6,0,162,71,13734,390,3784,9458,111,61601,45,6,3893,84,13610
2021-09-29,31,1,7,0,155,70,13741,382,3787,9469,111,61626,32,7,3894,84,13617
2021-09-30,42,3,5,1,147,67,13747,393,3790,9482,106,61667,45,6,3897,85,13622
2021-10-01,48,3,8,0,146,68,13755,403,3792,9493,105,61712,51,8,3900,85,13630
2021-10-02,32,3,8,0,141,66,13763,381,3792,9496,108,61744,35,8,3903,85,13638
2021-10-03,33,0,8,0,143,66,13771,392,3794,9498,111,61771,33,8,3903,85,13646
2021-10-04,63,3,13,0,150,67,13784,435,3800,9511,109,61828,66,13,3906,85,13659
2021-10-05,43,2,6,0,139,65,13790,443,3805,9524,101,61868,45,6,3908,85,13665
2021-10-06,48,5,13,0,141,67,13803,455,3809,9531,101,61912,53,13,3913,85,13678
2021-10-07,38,1,6,0,136,66,13809,447,3812,9543,94,61947,39,6,3914,85,13684
2021-10-08,54,3,11,0,138,66,13820,457,3812,9558,87,61995,57,11,3917,85,13695
2021-10-09,38,4,12,1,145,67,13833,454,3815,9560,89,62030,42,13,3921,86,13707
2021-10-10,43,5,10,0,148,70,13843,474,3816,9560,94,62068,48,10,3926,86,13717
2021-10-11,67,5,12,0,154,71,13855,516,3820,9571,90,62131,72,12,3931,86,13729
2021-10-12,61,6,7,0,150,69,13862,546,3824,9585,79,62193,67,7,3937,86,13736
2021-10-13,61,4,12,0,155,69,13874,566,3827,9592,77,62252,65,12,3941,86,13748
2021-10-14,70,3,10,0,155,68,13884,580,3831,9600,82,62316,73,10,3944,86,13758
2021-10-15,71,5,11,0,149,65,13895,601,3835,9618,71,62386,76,11,3949,86,13769
2021-10-16,53,4,10,0,146,63,13905,597,3837,9620,74,62437,57,10,3953,86,13779
2021-10-17,60,3,17,0,157,64,13923,627,3839,9620,77,62487,63,17,3956,86,13796
2021-10-18,101,3,14,0,166,65,13937,687,3842,9638,70,62585,104,14,3959,86,13810
2021-10-19,92,7,18,0,169,65,13955,710,3846,9645,68,62672,99,18,3966,86,13828
2021-10-20,109,1,20,0,180,64,13975,745,3848,9648,71,62769,110,20,3967,86,13848
2021-10-21,107,2,13,0,184,69,13988,775,3850,9659,64,62868,109,13,3969,86,13861
2021-10-22,89,3,25,0,203,71,14013,790,3853,9672,59,62941,92,25,3972,86,13886
2021-10-23,81,4,7,0,199,71,14020,795,3857,9672,68,63020,85,7,3976,86,13893
2021-10-24,76,5,19,0,204,69,14039,824,3858,9675,72,63086,81,19,3981,86,13912
2021-10-25,119,6,15,0,213,71,14054,905,3861,9684,80,63203,125,15,3987,86,13927
2021-10-26,114,3,22,0,214,72,14076,928,3867,9695,75,63308,117,22,3990,86,13949
2021-10-27,146,5,21,0,223,71,14097,990,3873,9702,79,63447,151,21,3995,86,13970
2021-10-28,136,7,22,0,227,71,14119,1046,3874,9713,80,63577,143,22,4002,86,13992
2021-10-29,162,6,28,0,242,74,14147,1127,3880,9722,87,63731,168,28,4008,86,14020
2021-10-30,139,4,12,0,229,75,14159,1145,3884,9725,94,63865,143,12,4012,86,14032
2021-10-31,131,4,24,0,239,74,14183,1202,3887,9726,99,63989,135,24,4016,86,14056
2021-11-01,206,4,23,0,253,75,14206,1341,3893,9734,104,64186,210,23,4020,86,14079
2021-11-02,173,4,34,0,268,75,14240,1389,3899,9747,103,64344,177,34,4024,86,14113
2021-11-03,151,4,30,0,280,75,14270,1379,3905,9757,107,64479,155,30,4028,86,14143
2021-11-04,177,10,26,0,286,75,14296,1399,3909,9765,110,64645,187,26,4038,86,14169
2021-11-05,208,11,27,0,298,76,14323,1457,3914,9778,112,64846,219,27,4049,86,14196
2021-11-06,134,0,34,0,312,76,14357,1414,3919,9784,115,64959,134,34,4049,86,14230
2021-11-07,167,1,35,0,332,76,14392,1487,3927,9785,123,65102,168,35,4050,86,14265
2021-11-08,245,11,19,0,333,76,14411,1655,3934,9801,125,65337,256,19,4061,86,14284
2021-11-09,177,6,34,0,340,76,14445,1665,3941,9822,121,65500,183,34,4067,86,14318
2021-11-10,210,5,36,0,352,76,14481,1676,3944,9837,124,65692,215,36,4072,86,14354
2021-11-11,232,2,34,1,366,76,14516,1724,3954,9848,128,65904,234,35,4074,87,14388
2021-11-12,231,3,43,0,384,76,14560,1766,3966,9863,127,66116,234,43,4077,87,14431
2021-11-13,197,3,26,0,384,76,14586,1759,3972,9871,131,66298,200,26,4080,87,14457
2021-11-14,220,8,34,0,399,76,14620,1843,3981,9874,145,66498,228,34,4088,87,14491
2021-11-15,300,8,37,0,410,76,14657,2022,3985,9886,155,66779,308,37,4096,87,14528
2021-11-16,269,8,51,0,432,75,14708,2060,3989,9907,159,67019,277,51,4104,87,14579
2021-11-17,247,13,37,0,437,75,14745,2055,4000,9921,166,67253,260,37,4117,87,14616
2021-11-18,254,10,50,0,456,75,14795,2061,4009,9942,160,67485,264,50,4127,87,14666
2021-11-19,331,7,38,1,472,75,14834,2156,4022,9968,155,67793,338,39,4134,88,14704
2021-11-20,233,4,41,0,480,73,14875,2089,4033,9975,164,68005,237,41,4138,88,14745
2021-11-21,270,2,47,0,501,74,14922,2160,4042,9981,183,68240,272,47,4140,88,14792
2021-11-22,356,9,57,2,524,75,14981,2357,4046,10003,190,68561,365,59,4149,90,14849
2021-11-23,290,9,45,0,537,76,15027,2391,4058,10027,185,68820,299,45,4158,90,14894
2021-11-24,300,3,49,0,553,77,15076,2373,4071,10046,183,69077,303,49,4161,90,14943
2021-11-25,325,8,55,0,577,77,15131,2407,4089,10072,197,69368,333,55,4169,90,14998
2021-11-26,356,6,53,0,573,76,15184,2455,4099,10103,191,69684,362,53,4175,90,15051
2021-11-27,222,5,59,0,595,76,15243,2312,4108,10115,207,69869,227,59,4180,90,15110
2021-11-28,252,6,52,0,605,76,15296,2367,4121,10122,224,70089,258,52,4186,90,15162
2021-11-29,368,3,55,0,626,76,15351,2562,4131,10151,220,70428,371,55,4189,90,15217
2021-11-30,315,8,53,0,644,77,15404,2550,4153,10184,226,70711,323,53,4197,90,15270
2021-12-01,346,9,65,1,647,77,15470,2500,4170,10213,226,71003,355,66,4206,91,15335
2021-12-02,290,8,45,0,641,78,15516,2453,4181,10245,225,71253,298,45,4214,91,15380
2021-12-03,297,4,42,0,638,77,15558,2412,4197,10276,230,71521,301,42,4218,91,15422
2021-12-04,235,2,41,0,625,78,15599,2277,4209,10285,245,71725,237,41,4220,91,15463
2021-12-05,219,2,50,0,638,77,15649,2277,4213,10299,262,71914,221,50,4222,91,15513
2021-12-06,340,8,49,0,653,78,15698,2421,4222,10334,261,72217,348,49,4230,91,15562
2021-12-07,312,10,53,0,663,78,15751,2414,4233,10374,260,72500,322,53,4240,91,15615
2021-12-08,320,11,59,0,669,77,15810,2416,4245,10406,260,72781,331,59,4251,91,15674
2021-12-09,273,3,56,0,678,78,15866,2371,4260,10443,255,73016,276,56,4254,91,15730
2021-12-10,315,5,47,0,679,78,15913,2363,4274,10475,253,73306,320,47,4259,91,15777
2021-12-11,208,2,23,0,655,78,15936,2220,4280,10491,266,73492,210,23,4261,91,15800
2021-12-12,192,1,45,1,667,77,15981,2222,4293,10498,291,73653,193,46,4262,92,15845
2021-12-13,263,6,48,0,667,77,16029,2297,4303,10529,298,73875,269,48,4268,92,15893
2021-12-14,232,10,32,0,652,77,16062,2222,4310,10567,288,74086,242,32,4278,92,15925
2021-12-15,232,5,39,0,655,77,16101,2116,4320,10591,293,74283,237,39,4283,92,15964
2021-12-16,205,9,39,0,653,77,16140,2027,4331,10632,279,74461,214,39,4292,92,16003
2021-12-17,207,6,46,0,661,78,16186,1949,4343,10674,269,74633,213,46,4298,92,16049
2021-12-18,131,7,26,0,640,78,16212,1789,4352,10683,289,74754,138,26,4305,92,16075
2021-12-19,162,8,31,0,631,78,16243,1780,4363,10687,310,74893,170,31,4313,92,16106
2021-12-20,219,3,38,0,631,78,16281,1902,4378,10730,296,75092,222,38,4316,92,16144
2021-12-21,192,5,32,0,623,78,16313,1840,4391,10770,283,75261,197,32,4321,92,16176
2021-12-22,173,4,18,0,599,78,16331,1752,4398,10810,279,75418,177,18,4325,92,16194
2021-12-23,138,3,24,0,580,78,16355,1679,4412,10847,267,75539,141,24,4328,92,16218
2021-12-24,170,3,26,0,567,78,16381,1637,4426,10889,254,75686,173,26,4331,92,16244
2021-12-25,116,3,28,0,548,77,16409,1469,4434,10902,262,75783,119,28,4334,92,16272
2021-12-26,112,2,30,0,549,77,16439,1459,4442,10907,275,75881,114,30,4336,92,16302
2021-12-27,215,9,38,0,561,77,16477,1579,4454,10941,269,76073,224,38,4345,92,16340
2021-12-28,184,8,28,0,547,77,16505,1581,4472,10979,249,76249,192,28,4353,92,16368
2021-12-29,147,3,19,0,529,78,16524,1523,4486,11020,234,76380,150,19,4356,92,16387
2021-12-30,149,4,25,0,512,78,16549,1467,4496,11047,226,76513,153,25,4360,92,16412
2021-12-31,136,2,16,0,496,78,16565,1391,4509,11074,218,76633,138,16,4362,92,16428
2022-01-01,103,4,21,0,485,77,16586,1272,4519,11077,228,76728,107,21,4366,92,16449
2022-01-02,103,7,24,0,487,77,16610,1296,4529,11084,232,76820,110,24,4373,92,16473
2022-01-03,164,8,32,0,500,77,16642,1401,4541,11114,231,76966,172,32,4381,92,16505
2022-01-04,151,6,14,1,475,77,16657,1384,4552,11138,222,77114,157,15,4387,93,16519
2022-01-05,135,5,15,0,465,77,16672,1332,4562,11167,219,77234,140,15,4392,93,16534
2022-01-06,122,13,22,0,451,77,16694,1301,4569,11192,220,77352,135,22,4405,93,16556
2022-01-07,176,6,15,0,433,77,16709,1329,4573,11218,219,77519,182,15,4411,93,16571
2022-01-08,93,3,20,0,425,77,16729,1223,4580,11229,230,77597,96,20,4414,93,16591
2022-01-09,123,1,26,0,421,77,16755,1247,4589,11232,239,77703,124,26,4415,93,16617
2022-01-10,159,6,25,0,425,77,16780,1341,4595,11259,235,77841,165,25,4421,93,16642
2022-01-11,121,3,13,0,407,76,16793,1280,4600,11285,232,77943,124,13,4424,93,16655
2022-01-12,107,5,11,0,389,76,16804,1211,4605,11310,226,78046,112,11,4429,93,16666
2022-01-13,100,6,13,0,373,75,16817,1177,4617,11339,216,78135,106,13,4435,93,16679
2022-01-14,137,8,12,0,353,76,16830,1165,4627,11365,211,78267,145,12,4443,93,16691
2022-01-15,99,4,13,0,333,75,16843,1104,4632,11375,217,78357,103,13,4447,93,16704
2022-01-16,101,2,11,0,323,75,16854,1107,4634,11379,218,78449,103,11,4449,93,16715
2022-01-17,150,9,9,0,328,75,16863,1198,4638,11405,208,78594,159,9,4458,93,16724
2022-01-18,124,4,7,0,314,76,16870,1156,4642,11433,195,78712,128,7,4462,93,16731
2022-01-19,166,4,16,0,311,76,16886,1179,4652,11455,187,78866,170,16,4466,93,16747
2022-01-20,167,2,12,0,300,75,16898,1191,4655,11480,177,79026,169,12,4468,93,16759
2022-01-21,168,7,9,0,291,74,16907,1215,4659,11501,167,79181,175,9,4475,93,16768
2022-01-22,123,6,5,0,277,74,16912,1177,4662,11508,174,79296,129,5,4481,93,16773
2022-01-23,144,2,8,1,269,74,16921,1229,4667,11510,181,79433,146,9,4483,94,16781
2022-01-24,195,4,11,1,267,74,16933,1329,4669,11530,177,79618,199,12,4487,95,16792
2022-01-25,161,6,14,0,264,73,16947,1325,4674,11547,174,79765,167,14,4493,95,16806
2022-01-26,190,9,9,0,257,72,16956,1350,4682,11565,173,79947,199,9,4502,95,16815
2022-01-27,195,8,22,0,254,72,16978,1365,4687,11577,174,80135,203,22,4510,95,16837
2022-01-28,198,11,9,0,244,69,16988,1385,4693,11596,177,80328,209,9,4521,95,16846
2022-01-29,165,2,8,0,224,69,16996,1356,4702,11602,178,80484,167,8,4523,95,16854
2022-01-30,172,8,10,0,216,69,17007,1403,4704,11603,184,80649,180,10,4531,95,16864
2022-01-31,250,8,20,0,227,70,17027,1557,4708,11628,178,80891,258,20,4539,95,16884
2022-02-01,234,8,15,0,221,67,17042,1624,4712,11650,165,81117,242,15,4547,95,16899
2022-02-02,239,5,16,0,223,67,17058,1645,4719,11666,157,81340,244,16,4552,95,16915
2022-02-03,203,9,21,1,231,71,17080,1628,4721,11683,152,81534,212,22,4561,96,16936
2022-02-04,251,4,15,0,231,69,17095,1661,4726,11696,157,81761,255,15,4565,96,16951
2022-02-05,134,5,11,0,219,69,17106,1534,4732,11700,165,81891,139,11,4570,96,16962
2022-02-06,190,4,28,0,229,67,17134,1593,4733,11702,175,82062,194,28,4574,96,16990
2022-02-07,239,9,18,0,233,66,17152,1730,4737,11720,175,82283,248,18,4583,96,17008
2022-02-08,215,9,20,0,231,70,17172,1741,4740,11737,179,82486,224,20,4592,96,17028
2022-02-09,218,7,11,0,218,70,17183,1733,4743,11761,170,82698,225,11,4599,96,17039
2022-02-10,237,5,13,0,212,70,17196,1718,4749,11778,171,82923,242,13,4604,96,17052
2022-02-11,242,2,13,1,200,68,17210,1733,4756,11790,179,83149,244,14,4606,97,17065
2022-02-12,160,3,13,0,185,66,17223,1642,4761,11795,178,83303,163,13,4609,97,17078
2022-02-13,151,5,12,0,189,65,17235,1632,4766,11798,178,83443,156,12,4614,97,17090
2022-02-14,256,10,12,0,194,65,17247,1808,4767,11818,172,83686,266,12,4624,97,17102
2022-02-15,244,4,16,0,196,66,17263,1843,4772,11833,174,83905,248,16,4628,97,17118
2022-02-16,208,4,15,0,189,65,17279,1818,4775,11845,176,84102,212,15,4632,97,17133
2022-02-17,210,6,15,0,186,68,17295,1789,4779,11863,170,84303,216,15,4638,97,17148
2022-02-18,222,6,16,0,185,68,17311,1805,4783,11881,161,84511,228,16,4644,97,17164
2022-02-19,144,4,17,0,189,69,17328,1719,4791,11888,169,84639,148,17,4648,97,17181
2022-02-20,161,6,13,0,178,70,17341,1718,4795,11895,170,84789,167,13,4654,97,17194
2022-02-21,223,3,18,0,185,71,17359,1825,4796,11913,163,84991,226,18,4657,97,17212
2022-02-22,194,7,13,0,186,71,17372,1821,4799,11932,158,85174,201,13,4664,97,17225
2022-02-23,199,3,11,0,179,70,17383,1759,4801,11950,152,85356,202,11,4667,97,17236
2022-02-24,179,2,15,1,181,70,17399,1699,4805,11970,145,85516,181,16,4669,98,17251
2022-02-25,195,7,15,0,180,68,17414,1684,4808,11986,138,85698,202,15,4676,98,17266
2022-02-26,129,1,15,0,182,68,17429,1567,4809,11991,141,85814,130,15,4677,98,17281
2022-02-27,117,5,9,1,184,69,17439,1551,4811,11993,149,85922,122,10,4682,99,17290
2022-02-28,230,1,10,0,182,69,17449,1697,4814,12008,147,86132,231,10,4683,99,17300
2022-03-01,228,6,18,0,183,70,17467,1726,4818,12025,142,86342,234,18,4689,99,17318
2022-03-02,248,7,12,0,177,71,17479,1776,4821,12047,132,86575,255,12,4696,99,17330
2022-03-03,201,5,11,0,172,70,17490,1788,4827,12061,128,86769,206,11,4701,99,17341
2022-03-04,218,0,13,0,170,68,17503,1797,4830,12079,122,86969,218,13,4701,99,17354
2022-03-05,151,4,12,0,168,67,17515,1708,4833,12081,126,87114,155,12,4705,99,17366
2022-03-06,204,6,11,0,169,66,17526,1800,4838,12085,124,87310,210,11,4711,99,17377
2022-03-07,279,18,16,0,178,66,17542,2002,4843,12099,120,87590,297,16,4729,99,17393
2022-03-08,258,7,17,0,181,65,17559,2055,4846,12115,117,87834,265,17,4736,99,17410
2022-03-09,246,6,16,0,181,63,17575,2047,4851,12128,121,88069,252,16,4742,99,17426
2022-03-10,302,8,13,0,171,62,17588,2099,4856,12141,118,88366,310,13,4750,99,17439
2022-03-11,258,12,21,0,178,61,17609,2112,4864,12157,112,88620,270,21,4762,99,17460
2022-03-12,217,2,10,0,170,59,17620,2021,4868,12166,119,88822,219,10,4764,99,17470
2022-03-13,242,6,10,0,159,57,17630,2130,4873,12171,122,89062,248,10,4770,99,17480
2022-03-14,319,6,24,0,171,60,17654,2316,4880,12186,115,89361,325,24,4776,99,17504
2022-03-15,315,3,24,0,177,64,17678,2331,4883,12198,120,89656,318,24,4779,99,17528
2022-03-16,290,9,15,0,170,59,17693,2372,4890,12210,124,89934,299,15,4788,99,17543
2022-03-17,307,9,18,0,166,56,17711,2348,4897,12220,128,90225,316,18,4797,99,17561
2022-03-18,253,5,18,0,162,56,17729,2294,4899,12230,130,90460,258,18,4802,99,17579
2022-03-19,207,6,13,0,158,57,17742,2158,4906,12235,135,90662,213,13,4808,99,17592
2022-03-20,197,3,16,0,157,61,17758,2196,4912,12238,138,90850,200,16,4811,99,17608
2022-03-21,331,6,24,0,169,64,17782,2416,4918,12253,137,91155,337,24,4817,99,17632
2022-03-22,298,12,20,0,169,66,17802,2388,4924,12273,129,91439,310,20,4829,99,17652
2022-03-23,278,7,22,0,173,69,17824,2347,4931,12290,131,91699,285,22,4836,99,17674
2022-03-24,257,3,21,1,170,68,17846,2283,4934,12305,136,91932,260,22,4839,100,17695
2022-03-25,257,6,11,0,158,64,17857,2284,4939,12323,135,92174,263,11,4845,100,17706
2022-03-26,160,1,15,0,150,64,17872,2107,4944,12329,137,92317,161,15,4846,100,17721
2022-03-27,150,3,13,0,150,61,17885,2114,4945,12333,144,92456,153,13,4849,100,17734
2022-03-28,272,7,16,0,155,62,17901,2301,4949,12353,145,92714,279,16,4856,100,17750
2022-03-29,228,3,19,0,149,61,17920,2265,4953,12372,136,92915,231,19,4859,100,17769
2022-03-30,221,10,13,0,149,61,17933,2229,4957,12385,138,93127,231,13,4869,100,17782
2022-03-31,172,5,14,0,145,61,17947,2102,4962,12397,142,93284,177,14,4874,100,17796
2022-04-01,194,6,12,0,138,60,17959,2040,4964,12419,135,93469,200,12,4880,100,17808
2022-04-02,98,3,5,0,125,55,17964,1884,4969,12428,134,93560,101,5,4883,100,17813
2022-04-03,132,2,7,0,117,55,17971,1888,4971,12430,140,93686,134,7,4885,100,17820
2022-04-04,195,3,9,0,115,52,17980,2015,4972,12445,133,93867,198,9,4888,100,17829
2022-04-05,192,2,13,1,117,54,17994,1957,4978,12457,129,94039,194,14,4890,101,17842
2022-04-06,167,5,14,0,118,53,18008,1877,4983,12475,117,94198,172,14,4895,101,17856
2022-04-07,165,5,16,0,124,54,18024,1825,4989,12485,117,94354,170,16,4900,101,17872
2022-04-08,157,4,7,0,116,55,18031,1774,4995,12498,120,94502,161,7,4904,101,17879
2022-04-09,85,1,8,0,102,50,18039,1632,4996,12504,123,94580,86,8,4905,101,17887
2022-04-10,104,2,8,0,101,48,18047,1635,4999,12507,123,94678,106,8,4907,101,17895
2022-04-11,129,6,8,0,104,47,18055,1679,5003,12523,113,94798,135,8,4913,101,17903
2022-04-12,130,4,16,0,110,51,18071,1600,5006,12534,107,94916,134,16,4917,101,17919
2022-04-13,127,4,10,0,112,53,18081,1528,5008,12540,107,95036,131,10,4921,101,17929
2022-04-14,100,8,11,0,113,53,18092,1487,5009,12549,105,95124,108,11,4929,101,17940
2022-04-15,104,4,7,0,111,51,18099,1394,5013,12561,105,95220,108,7,4933,101,17947
2022-04-16,70,2,3,0,96,48,18102,1299,5015,12563,108,95286,72,3,4935,101,17950
2022-04-17,79,3,9,0,98,52,18111,1280,5018,12566,106,95360,82,9,4938,101,17959
2022-04-18,75,3,5,0,99,54,18116,1299,5021,12568,109,95425,78,5,4941,101,17964
2022-04-19,104,3,13,0,104,53,18129,1343,5025,12578,105,95517,107,13,4944,101,17977
2022-04-20,97,2,4,0,97,52,18133,1304,5027,12585,110,95606,99,4,4946,101,17981
2022-04-21,95,2,9,0,91,49,18142,1243,5028,12594,110,95689,97,9,4948,101,17990
2022-04-22,71,4,7,0,88,50,18149,1188,5030,12599,109,95755,75,7,4952,101,17997
2022-04-23,68,2,4,0,85,48,18153,1106,5033,12603,109,95820,70,4,4954,101,18001
2022-04-24,64,2,7,0,84,47,18160,1118,5037,12604,109,95878,66,7,4956,101,18008
2022-04-25,89,1,5,1,85,46,18166,1161,5038,12610,110,95961,90,6,4957,102,18013
2022-04-26,64,7,3,0,79,46,18169,1124,5040,12620,108,96024,71,3,4964,102,18016
2022-04-27,43,2,8,0,77,48,18177,1034,5040,12625,109,96061,45,8,4966,102,18024
2022-04-28,68,3,3,0,74,46,18180,1048,5042,12635,105,96124,71,3,4969,102,18027
2022-04-29,46,2,1,0,68,45,18181,1000,5044,12641,103,96167,48,1,4971,102,18028
2022-04-30,42,3,6,0,69,42,18187,915,5046,12645,103,96208,45,6,4974,102,18034
2022-05-01,56,2,6,0,69,42,18193,930,5047,12645,105,96261,58,6,4976,102,18040
2022-05-02,61,2,3,0,69,41,18196,973,5049,12653,102,96320,63,3,4978,102,18043
2022-05-03,52,5,3,0,66,39,18199,955,5052,12662,103,96372,57,3,4983,102,18046
2022-05-04,63,2,7,0,57,39,18206,916,5054,12666,102,96432,65,7,4985,102,18053
2022-05-05,42,1,1,0,53,36,18207,861,5057,12668,103,96473,43,1,4986,102,18054
2022-05-06,39,0,3,0,50,36,18210,855,5058,12674,98,96508,39,3,4986,102,18057
2022-05-07,39,0,3,0,51,36,18213,799,5059,12675,99,96545,39,3,4986,102,18060
2022-05-08,42,3,3,0,52,34,18216,814,5060,12675,102,96579,45,3,4989,102,18063
2022-05-09,52,1,3,0,52,34,18219,840,5061,12684,99,96626,53,3,4990,102,18066
2022-05-10,47,1,6,0,51,32,18225,833,5062,12688,98,96670,48,6,4991,102,18072
2022-05-11,40,2,3,0,50,31,18228,787,5062,12697,91,96705,42,3,4993,102,18075
2022-05-12,43,3,1,0,49,30,18229,774,5066,12703,87,96745,46,1,4996,102,18076
2022-05-13,40,3,2,0,45,28,18231,743,5068,12709,85,96785,43,2,4999,102,18078
2022-05-14,15,2,2,0,40,26,18233,696,5069,12711,86,96801,17,2,5001,102,18080
2022-05-15,33,0,2,0,38,23,18235,703,5070,12711,86,96833,33,2,5001,102,18082
2022-05-16,58,2,6,0,44,28,18241,750,5070,12719,84,96882,60,6,5003,102,18088
2022-05-17,48,1,2,0,40,26,18243,743,5071,12725,80,96923,49,2,5004,102,18090
2022-05-18,42,1,4,0,40,27,18247,733,5076,12731,75,96958,43,4,5005,102,18094
2022-05-19,43,1,2,0,36,26,18249,719,5078,12734,75,96999,44,2,5006,102,18096
2022-05-20,33,2,1,0,33,23,18250,695,5079,12738,72,97028,35,1,5008,102,18097
2022-05-21,27,1,1,0,32,23,18251,660,5079,12738,73,97052,28,1,5009,102,18098
2022-05-22,20,2,2,1,34,24,18254,660,5080,12738,73,97074,22,3,5011,103,18100
2022-05-23,50,2,4,0,37,25,18258,697,5081,12742,72,97119,52,4,5013,103,18104
2022-05-24,44,2,3,0,36,25,18261,684,5083,12744,73,97155,46,3,5015,103,18107
2022-05-25,26,3,1,0,32,24,18262,655,5083,12748,72,97180,29,1,5018,103,18108
2022-05-26,20,0,2,0,31,23,18264,633,5084,12750,71,97199,20,2,5018,103,18110
2022-05-27,38,0,3,0,32,22,18267,649,5084,12756,67,97233,38,3,5018,103,18113
2022-05-28,19,0,0,0,31,21,18267,613,5084,12759,65,97251,19,0,5018,103,18113
2022-05-29,23,0,1,0,31,20,18268,615,5084,12759,65,97272,23,1,5018,103,18114
2022-05-30,45,5,0,1,32,20,18269,654,5084,12761,65,97317,50,1,5023,104,18114
2022-05-31,42,1,3,0,33,20,18272,650,5085,12764,63,97352,43,3,5024,104,18117
2022-06-01,34,2,5,0,36,24,18277,642,5087,12767,63,97382,36,5,5026,104,18122
2022-06-02,44,1,1,0,32,24,18278,652,5087,12771,62,97421,45,1,5027,104,18123
2022-06-03,45,4,1,0,30,21,18279,664,5090,12773,60,97463,49,1,5031,104,18124
2022-06-04,29,0,4,0,30,20,18283,649,5091,12774,60,97484,29,4,5031,104,18128
2022-06-05,35,0,3,0,30,20,18286,659,5092,12774,61,97515,35,3,5031,104,18131
2022-06-06,45,0,3,0,30,22,18289,684,5092,12774,63,97557,45,3,5031,104,18134
2022-06-07,46,3,1,0,30,22,18290,719,5092,12778,62,97604,49,1,5034,104,18135
2022-06-08,48,3,3,0,29,22,18293,715,5092,12780,61,97654,51,3,5037,104,18138
2022-06-09,61,0,6,0,34,26,18299,727,5092,12781,63,97711,61,6,5037,104,18144
2022-06-10,66,3,7,0,39,28,18306,757,5093,12783,64,97772,69,7,5040,104,18151
2022-06-11,49,0,2,0,37,26,18308,748,5094,12784,65,97817,49,2,5040,104,18153
2022-06-12,39,0,0,0,34,24,18308,760,5094,12784,66,97854,39,0,5040,104,18153
2022-06-13,61,3,5,0,38,27,18313,811,5094,12787,64,97913,64,5,5043,104,18158
2022-06-14,61,4,5,0,43,30,18318,823,5095,12789,66,97973,65,5,5047,104,18163
2022-06-15,71,2,4,0,42,29,18322,834,5097,12791,68,98041,73,4,5049,104,18167
2022-06-16,59,0,6,0,42,28,18328,840,5101,12791,74,98095,59,6,5049,104,18173
2022-06-17,78,2,4,0,36,24,18332,861,5102,12792,75,98172,80,4,5051,104,18177
2022-06-18,57,1,3,0,35,26,18335,841,5103,12793,76,98225,58,3,5052,104,18180
2022-06-19,80,1,2,0,34,25,18337,897,5105,12794,76,98304,81,2,5053,104,18182
2022-06-20,87,1,4,0,35,25,18341,958,5107,12797,76,98386,88,4,5054,104,18186
2022-06-21,72,1,7,0,37,27,18348,966,5107,12801,75,98455,73,7,5055,104,18193
2022-06-22,73,1,6,0,40,28,18354,968,5108,12806,72,98525,74,6,5056,104,18199
2022-06-23,102,0,7,0,44,31,18361,985,5109,12807,75,98621,102,7,5056,104,18206
2022-06-24,122,4,4,0,42,29,18365,1025,5112,12809,75,98740,126,4,5060,104,18210
2022-06-25,82,0,6,0,44,29,18371,1017,5113,12809,75,98817,82,6,5060,104,18216
2022-06-26,89,0,4,0,47,32,18375,1065,5113,12809,77,98899,89,4,5060,104,18220
2022-06-27,126,5,6,0,51,33,18381,1173,5113,12811,79,99026,131,6,5065,104,18226
2022-06-28,85,3,3,0,50,33,18384,1173,5114,12815,77,99109,88,3,5068,104,18229
2022-06-29,102,2,5,0,52,30,18389,1165,5116,12820,78,99205,104,5,5070,104,18234
2022-06-30,135,3,9,0,53,30,18398,1200,5116,12824,80,99333,138,9,5073,104,18243
2022-07-01,96,1,3,0,50,28,18401,1216,5117,12830,78,99427,97,3,5074,104,18246
2022-07-02,83,0,5,0,47,28,18406,1182,5118,12832,81,99508,83,5,5074,104,18251
2022-07-03,120,1,2,0,42,24,18408,1244,5119,12833,84,99625,121,2,5075,104,18253
2022-07-04,126,4,10,0,48,28,18418,1329,5121,12837,84,99743,130,10,5079,104,18263
2022-07-05,116,1,6,0,48,29,18424,1343,5122,12841,83,99851,117,6,5080,104,18269
2022-07-06,112,4,8,0,51,32,18432,1325,5123,12847,85,99955,116,8,5084,104,18277
2022-07-07,114,5,5,0,48,29,18437,1333,5126,12851,87,100066,119,5,5089,104,18282
2022-07-08,110,3,8,0,46,29,18445,1329,5127,12854,91,100168,113,8,5092,104,18290
2022-07-09,115,0,8,0,48,29,18453,1295,5129,12857,87,100274,115,8,5092,104,18298
2022-07-10,114,1,6,0,52,31,18459,1356,5129,12858,89,100384,115,6,5093,104,18304
2022-07-11,158,0,10,0,60,36,18469,1475,5129,12865,85,100529,158,10,5093,104,18314
2022-07-12,150,1,11,0,66,36,18480,1488,5132,12873,84,100673,151,11,5094,104,18325
2022-07-13,143,1,5,0,62,33,18485,1470,5135,12876,86,100812,144,5,5095,104,18330
2022-07-14,149,1,5,0,61,31,18490,1491,5136,12882,85,100951,150,5,5096,104,18335
2022-07-15,123,2,2,0,57,31,18492,1461,5138,12891,80,101072,125,2,5098,104,18337
2022-07-16,94,1,5,0,56,33,18497,1405,5138,12893,79,101162,95,5,5099,104,18342
2022-07-17,95,2,8,1,64,38,18506,1429,5139,12894,81,101254,97,9,5101,105,18350
2022-07-18,143,4,5,0,65,40,18511,1527,5143,12900,84,101390,147,5,5105,105,18355
2022-07-19,139,5,6,0,58,36,18517,1525,5143,12905,90,101526,144,6,5110,105,18361
2022-07-20,163,3,6,0,53,36,18523,1557,5144,12909,94,101679,166,6,5113,105,18367
2022-07-21,132,3,6,0,50,33,18529,1547,5144,12910,98,101804,135,6,5116,105,18373
2022-07-22,130,3,9,0,54,33,18538,1531,5145,12914,98,101926,133,9,5119,105,18382
2022-07-23,92,0,3,0,52,32,18541,1451,5147,12914,100,102002,92,3,5119,105,18385
2022-07-24,98,0,11,0,58,39,18552,1455,5148,12916,102,102094,98,11,5119,105,18396
2022-07-25,167,0,4,0,58,39,18556,1576,5148,12922,98,102248,167,4,5119,105,18400
2022-07-26,103,2,2,0,58,39,18558,1520,5150,12923,102,102349,105,2,5121,105,18402
2022-07-27,105,1,9,0,60,41,18567,1474,5152,12927,106,102446,106,9,5122,105,18411
2022-07-28,74,4,4,0,54,36,18571,1412,5153,12932,108,102516,78,4,5126,105,18415
2022-07-29,99,3,8,0,56,37,18580,1373,5153,12936,110,102603,102,8,5129,105,18423
2022-07-30,66,1,6,0,56,35,18586,1294,5155,12938,112,102669,67,6,5130,105,18429
2022-07-31,71,1,6,0,57,36,18592,1308,5155,12942,112,102735,72,6,5131,105,18435
2022-08-01,114,2,6,1,60,36,18599,1369,5156,12946,112,102839,116,7,5133,106,18441
2022-08-02,91,0,3,0,58,35,18602,1328,5156,12949,118,102920,91,3,5133,106,18444
2022-08-03,92,2,5,0,54,34,18607,1297,5159,12957,114,103005,94,5,5135,106,18449
2022-08-04,94,2,6,0,52,34,18613,1275,5161,12967,105,103091,96,6,5137,106,18455
2022-08-05,75,2,5,0,54,34,18618,1216,5162,12970,103,103161,77,5,5139,106,18460
2022-08-06,63,0,5,0,56,33,18623,1157,5166,12973,101,103218,63,5,5139,106,18465
2022-08-07,54,1,3,0,54,32,18626,1158,5167,12973,100,103268,55,3,5140,106,18468
2022-08-08,73,1,3,0,56,34,18629,1198,5167,12976,104,103337,74,3,5141,106,18471
2022-08-09,65,1,5,0,54,33,18634,1150,5168,12979,105,103391,66,5,5142,106,18476
2022-08-10,74,0,4,1,53,32,18639,1115,5170,12984,102,103459,74,5,5142,107,18480
2022-08-11,74,2,4,0,53,34,18643,1094,5172,12988,102,103526,76,4,5144,107,18484
2022-08-12,66,1,8,0,53,34,18651,1080,5172,12993,107,103587,67,8,5145,107,18492
2022-08-13,51,0,6,0,50,33,18657,1033,5173,12994,108,103633,51,6,5145,107,18498
2022-08-14,47,3,2,0,49,34,18659,1045,5175,12996,107,103680,50,2,5148,107,18500
2022-08-15,77,0,7,0,53,38,18666,1100,5176,13002,103,103750,77,7,5148,107,18507
2022-08-16,68,2,2,0,51,38,18668,1073,5176,13005,103,103812,70,2,5150,107,18509
2022-08-17,66,1,4,0,51,36,18673,1056,5177,13006,104,103875,67,4,5151,107,18513
2022-08-18,61,1,5,0,52,36,18679,1038,5179,13008,105,103931,62,5,5152,107,18518
2022-08-19,43,1,4,0,51,38,18683,995,5180,13015,104,103969,44,4,5153,107,18522
2022-08-20,42,1,4,0,48,36,18687,950,5181,13015,109,104010,43,4,5154,107,18526
2022-08-21,37,2,4,0,46,34,18692,961,5182,13016,109,104047,39,4,5156,107,18530
2022-08-22,63,1,4,1,49,34,18697,991,5184,13022,110,104102,64,5,5157,108,18534
2022-08-23,52,0,3,0,44,33,18700,972,5185,13029,106,104153,52,3,5157,108,18537
2022-08-24,51,1,2,0,42,32,18702,946,5186,13032,102,104200,52,2,5158,108,18539
2022-08-25,48,0,4,0,46,34,18706,919,5188,13036,102,104245,48,4,5158,108,18543
2022-08-26,48,1,0,1,41,31,18707,913,5189,13039,101,104286,49,1,5159,109,18543
2022-08-27,36,0,5,0,42,31,18712,866,5190,13040,102,104317,36,5,5159,109,18548
2022-08-28,35,1,3,0,42,31,18715,869,5190,13041,104,104350,36,3,5160,109,18551
2022-08-29,37,3,5,0,44,31,18720,890,5190,13048,102,104384,40,5,5163,109,18556
2022-08-30,41,2,3,0,40,30,18723,880,5192,13050,103,104424,43,3,5165,109,18559
2022-08-31,41,0,3,0,38,28,18726,865,5192,13053,104,104460,41,3,5165,109,18562
2022-09-01,43,1,2,0,36,26,18728,854,5192,13058,100,104500,44,2,5166,109,18564
2022-09-02,48,3,1,0,35,25,18729,844,5193,13059,102,104547,51,1,5169,109,18565
2022-09-03,25,2,2,0,33,23,18731,821,5193,13060,103,104571,27,2,5171,109,18567
2022-09-04,43,2,3,0,33,22,18734,846,5194,13062,103,104613,45,3,5173,109,18570
2022-09-05,54,4,1,0,31,21,18735,882,5194,13065,104,104666,58,1,5177,109,18571
2022-09-06,33,2,3,0,30,20,18738,853,5194,13068,103,104700,35,3,5179,109,18574
2022-09-07,46,1,3,0,31,20,18741,846,5195,13073,100,104743,47,3,5180,109,18577
2022-09-08,37,3,2,0,29,22,18743,824,5196,13075,98,104782,40,2,5183,109,18579
2022-09-09,45,1,1,0,29,23,18744,814,5196,13078,99,104825,46,1,5184,109,18580
2022-09-10,38,2,3,0,28,22,18747,812,5196,13080,97,104861,40,3,5186,109,18583
2022-09-11,29,1,5,0,34,24,18752,813,5196,13081,98,104887,30,5,5187,109,18588
2022-09-12,39,6,1,0,32,21,18753,837,5196,13082,97,104929,45,1,5193,109,18589
2022-09-13,28,1,1,0,34,23,18754,822,5196,13086,95,104955,29,1,5194,109,18590
2022-09-14,3,1,1,0,33,24,18755,790,5196,13086,95,104959,4,1,5195,109,18591
