"date","Hospital_Intake_Proven","Hospital_Intake_Suspected","IC_Intake_Proven","IC_Intake_Suspected","IC_Current","ICs_Used","IC_Cumulative","Hospital_Currently","IC_Deaths_Cumulative","IC_Discharge_Cumulative","IC_Discharge_InHospital","Hospital_Cumulative","Hospital_Intake","IC_Intake","Hosp_Intake_Suspec_Cumul","IC_Intake_Suspected_Cumul","IC_Intake_Proven_Cumsum"
2020-02-27,2,2,1,0,13,9,13,61,0,0,0,64,4,1,2,0,1
2020-02-28,4,0,0,1,14,10,14,65,0,0,0,68,4,1,2,1,1
2020-02-29,1,0,1,0,15,10,15,65,0,0,0,69,1,1,2,1,2
2020-03-01,7,1,2,0,17,11,17,72,0,0,1,76,8,2,3,1,4
2020-03-02,10,1,0,0,16,10,17,83,0,0,1,87,11,0,4,1,4
2020-03-03,8,0,2,0,18,10,19,90,0,0,1,95,8,2,4,1,6
2020-03-04,10,2,3,0,21,12,22,101,0,2,1,107,12,3,6,1,9
2020-03-05,11,1,1,1,21,14,24,110,0,2,1,118,12,2,7,2,10
2020-03-06,21,1,4,0,24,17,28,128,0,2,2,137,22,4,8,2,14
2020-03-07,7,3,3,0,26,17,31,136,0,3,1,145,10,3,11,2,17
2020-03-08,18,5,5,0,32,21,36,155,2,3,1,166,23,5,16,2,22
2020-03-09,27,5,6,1,37,22,43,180,2,3,1,196,32,7,21,3,28
2020-03-10,28,4,10,0,45,25,53,203,2,3,2,225,32,10,25,3,38
2020-03-11,44,5,9,0,52,26,62,239,4,3,2,268,49,9,30,3,47
2020-03-12,54,4,23,0,72,32,85,282,5,3,2,319,58,23,34,3,70
2020-03-13,76,4,13,0,82,35,98,351,5,4,2,397,80,13,38,3,83
2020-03-14,61,3,21,0,101,44,119,390,5,7,5,451,64,21,41,3,104
2020-03-15,69,8,28,0,124,51,147,438,7,7,6,522,77,28,49,3,132
2020-03-16,142,19,33,0,154,57,180,571,12,8,6,676,161,33,68,3,165
2020-03-17,145,12,35,0,183,60,215,655,14,8,9,815,157,35,80,3,200
2020-03-18,177,14,56,0,234,65,271,783,17,11,10,992,191,56,94,3,256
2020-03-19,261,24,66,1,294,70,338,992,25,11,12,1260,285,67,118,4,322
2020-03-20,240,25,83,1,366,71,422,1164,30,13,17,1503,265,84,143,5,405
2020-03-21,204,13,80,3,436,71,505,1244,41,15,27,1685,217,83,156,8,485
2020-03-22,236,17,74,1,487,71,580,1345,47,17,30,1907,253,75,173,9,559
2020-03-23,454,23,97,1,575,71,679,1673,64,19,42,2343,477,98,196,10,656
2020-03-24,428,24,111,0,654,73,790,1925,74,22,47,2751,452,111,220,10,767
2020-03-25,442,21,120,1,754,74,911,2142,85,28,54,3164,463,121,241,11,887
2020-03-26,444,31,111,2,840,74,1024,2340,103,38,58,3588,475,113,272,13,998
2020-03-27,562,33,114,1,923,74,1141,2599,117,44,75,4124,595,115,305,14,1112
2020-03-28,303,23,102,2,987,74,1245,2538,135,48,90,4398,326,104,328,16,1214
2020-03-29,258,17,91,1,1038,74,1337,2491,160,58,103,4624,275,92,345,17,1305
2020-03-30,442,29,127,2,1122,74,1466,2637,180,66,122,5024,471,129,374,19,1432
2020-03-31,310,39,111,0,1187,74,1577,2565,213,81,132,5313,349,111,413,19,1543
2020-04-01,316,35,75,2,1205,75,1654,2467,237,99,142,5616,351,77,448,21,1618
2020-04-02,350,37,96,2,1250,75,1752,2445,259,114,153,5946,387,98,485,23,1714
2020-04-03,340,49,77,0,1277,75,1829,2451,290,135,161,6294,389,77,534,23,1791
2020-04-04,187,24,64,2,1282,74,1895,2240,309,149,177,6459,211,66,558,25,1855
2020-04-05,230,20,75,1,1306,75,1971,2190,333,158,197,6656,250,76,578,26,1930
2020-04-06,328,51,61,0,1313,75,2032,2310,353,181,210,6994,379,61,629,26,1991
2020-04-07,204,51,60,0,1315,76,2092,2170,382,205,240,7210,255,60,680,26,2051
2020-04-08,209,31,58,0,1286,76,2150,2030,399,230,251,7410,240,58,711,26,2109
2020-04-09,188,35,52,0,1283,76,2202,1855,411,257,257,7595,223,52,746,26,2161
2020-04-10,205,38,49,0,1290,75,2252,1766,439,283,264,7805,243,49,784,26,2210
2020-04-11,133,20,28,2,1260,75,2282,1579,454,304,283,7936,153,30,804,28,2238
2020-04-12,137,32,33,1,1241,75,2316,1523,469,321,310,8087,169,34,836,29,2271
2020-04-13,167,30,45,0,1225,75,2361,1514,490,336,334,8250,197,45,866,29,2316
2020-04-14,161,34,35,2,1203,76,2399,1528,502,384,327,8418,195,37,900,31,2351
2020-04-15,119,16,24,1,1178,76,2424,1442,518,436,326,8535,135,25,916,32,2375
2020-04-16,117,21,28,1,1144,76,2454,1331,537,487,311,8651,138,29,937,33,2403
2020-04-17,139,23,25,1,1113,77,2480,1289,555,535,309,8788,162,26,960,34,2428
2020-04-18,80,15,19,0,1068,76,2499,1149,566,558,326,8861,95,19,975,34,2447
2020-04-19,83,12,20,0,1037,76,2519,1121,585,564,350,8938,95,20,987,34,2467
2020-04-20,111,21,26,1,1016,76,2546,1160,604,617,337,9042,132,27,1008,35,2493
2020-04-21,118,25,23,0,981,76,2569,1114,623,670,336,9156,143,23,1033,35,2516
2020-04-22,91,21,15,0,923,77,2584,1034,640,714,331,9254,112,15,1054,35,2531
2020-04-23,95,35,16,0,882,77,2600,993,652,761,310,9367,130,16,1089,35,2547
2020-04-24,78,24,18,1,864,76,2619,937,664,826,275,9452,102,19,1113,36,2565
2020-04-25,42,20,14,0,833,76,2633,808,678,842,284,9506,62,14,1133,36,2579
2020-04-26,43,22,13,0,806,76,2646,778,688,852,297,9560,65,13,1155,36,2592
2020-04-27,60,17,14,0,785,76,2660,762,699,861,314,9626,77,14,1172,36,2606
2020-04-28,91,24,14,1,764,76,2675,778,705,912,298,9721,115,15,1196,37,2620
2020-04-29,60,18,12,0,736,76,2687,720,711,949,297,9782,78,12,1214,37,2632
2020-04-30,63,18,17,1,712,76,2705,696,724,991,283,9851,81,18,1232,38,2649
2020-05-01,52,8,9,0,678,76,2714,642,726,1029,287,9900,60,9,1240,38,2658
2020-05-02,27,12,9,0,639,76,2723,560,735,1044,287,9933,39,9,1252,38,2667
2020-05-03,37,9,11,0,626,76,2734,544,740,1051,302,9969,46,11,1261,38,2678
2020-05-04,59,23,11,1,615,76,2746,592,746,1094,296,10038,82,12,1284,39,2689
2020-05-05,28,6,3,0,574,76,2749,525,751,1108,309,10068,34,3,1290,39,2692
2020-05-06,59,15,7,0,548,73,2756,540,757,1144,301,10133,74,7,1305,39,2699
2020-05-07,46,13,9,1,527,72,2766,514,765,1183,294,10180,59,10,1318,40,2708
2020-05-08,56,25,7,0,495,72,2773,513,770,1220,279,10254,81,7,1343,40,2715
2020-05-09,30,5,5,0,473,72,2778,465,775,1228,288,10285,35,5,1348,40,2720
2020-05-10,25,12,4,0,455,72,2782,447,776,1231,297,10315,37,4,1360,40,2724
2020-05-11,44,19,7,1,449,73,2790,476,783,1272,292,10373,63,8,1379,41,2731
2020-05-12,27,20,2,0,407,71,2792,447,786,1314,268,10415,47,2,1399,41,2733
2020-05-13,37,18,3,1,391,71,2796,421,791,1346,266,10464,55,4,1417,42,2736
2020-05-14,26,13,8,1,365,71,2805,388,795,1373,252,10494,39,9,1430,43,2744
2020-05-15,31,13,3,0,348,71,2808,367,802,1409,229,10533,44,3,1443,43,2747
2020-05-16,18,4,7,1,333,70,2816,324,804,1418,229,10551,22,8,1447,44,2754
2020-05-17,30,10,4,0,327,70,2820,338,805,1422,233,10586,40,4,1457,44,2758
2020-05-18,36,12,4,0,322,70,2824,370,806,1455,235,10628,48,4,1469,44,2762
2020-05-19,17,10,1,0,288,67,2825,346,808,1487,214,10653,27,1,1479,44,2763
2020-05-20,31,13,2,0,278,66,2827,332,813,1516,201,10691,44,2,1492,44,2765
2020-05-21,14,5,2,0,257,66,2829,298,817,1521,207,10705,19,2,1497,44,2767
2020-05-22,32,17,4,0,246,65,2833,328,820,1553,190,10748,49,4,1514,44,2771
2020-05-23,14,8,4,0,231,64,2837,292,821,1556,194,10767,22,4,1522,44,2775
2020-05-24,17,16,7,0,230,64,2844,284,822,1556,204,10791,33,7,1538,44,2782
2020-05-25,35,21,1,0,220,63,2845,319,823,1579,208,10842,56,1,1559,44,2783
2020-05-26,25,10,4,0,197,64,2849,313,827,1600,199,10874,35,4,1569,44,2787
2020-05-27,16,10,3,1,183,60,2853,283,828,1623,184,10896,26,4,1579,45,2790
2020-05-28,16,8,1,0,175,59,2854,262,830,1653,165,10915,24,1,1587,45,2791
2020-05-29,24,12,1,2,165,58,2857,264,833,1674,152,10946,36,3,1599,47,2792
2020-05-30,19,5,3,0,156,57,2860,247,833,1681,146,10967,24,3,1604,47,2795
2020-05-31,12,7,3,0,158,57,2863,242,833,1681,153,10985,19,3,1611,47,2798
2020-06-01,15,6,5,0,156,58,2868,246,836,1681,156,11002,21,5,1617,47,2803
2020-06-02,24,17,1,0,151,58,2869,268,837,1705,150,11038,41,1,1634,47,2804
2020-06-03,19,8,5,0,137,55,2874,259,842,1726,133,11056,27,5,1642,47,2809
2020-06-04,14,16,5,1,135,56,2880,244,845,1746,116,11077,30,6,1658,48,2814
2020-06-05,9,12,3,0,132,54,2883,227,845,1757,108,11095,21,3,1670,48,2817
2020-06-06,4,5,2,0,130,54,2885,194,846,1759,109,11102,9,2,1675,48,2819
2020-06-07,5,11,3,0,129,54,2888,194,846,1761,109,11116,16,3,1686,48,2822
2020-06-08,11,6,0,0,127,54,2888,194,846,1778,101,11133,17,0,1692,48,2822
2020-06-09,9,8,2,0,120,53,2890,174,847,1791,93,11148,17,2,1700,48,2824
2020-06-10,5,6,2,0,117,53,2892,158,848,1803,84,11157,11,2,1706,48,2826
2020-06-11,14,10,1,0,113,53,2893,162,848,1815,77,11177,24,1,1716,48,2827
2020-06-12,8,3,3,0,110,51,2896,153,849,1824,71,11187,11,3,1719,48,2830
2020-06-13,4,4,2,0,108,49,2898,134,850,1824,71,11193,8,2,1723,48,2832
2020-06-14,3,5,0,0,107,48,2898,133,852,1826,69,11201,8,0,1728,48,2832
2020-06-15,5,4,1,0,106,48,2899,136,853,1844,61,11209,9,1,1732,48,2833
2020-06-16,8,7,2,0,97,47,2901,136,856,1849,61,11223,15,2,1739,48,2835
2020-06-17,7,6,0,0,88,44,2901,128,858,1856,59,11234,13,0,1745,48,2835
2020-06-18,4,10,1,0,81,43,2902,129,859,1863,60,11247,14,1,1755,48,2836
2020-06-19,4,6,0,0,74,43,2902,125,860,1871,52,11256,10,0,1761,48,2836
2020-06-20,4,4,2,0,74,43,2904,106,861,1872,55,11261,8,2,1765,48,2838
2020-06-21,5,7,0,0,70,41,2904,107,862,1872,55,11272,12,0,1772,48,2838
2020-06-22,7,6,3,0,72,43,2907,110,863,1876,58,11284,13,3,1778,48,2841
2020-06-23,6,9,1,0,65,40,2908,111,864,1883,55,11294,15,1,1787,48,2842
2020-06-24,5,11,1,0,61,39,2909,110,865,1889,50,11309,16,1,1798,48,2843
2020-06-25,9,7,0,0,59,37,2909,117,865,1895,50,11323,16,0,1805,48,2843
2020-06-26,2,6,0,0,53,34,2909,113,866,1899,50,11329,8,0,1811,48,2843
2020-06-27,2,2,0,0,49,32,2909,92,867,1899,53,11333,4,0,1813,48,2843
2020-06-28,5,3,0,0,45,31,2909,96,867,1899,53,11341,8,0,1816,48,2843
2020-06-29,8,5,0,0,45,31,2909,105,867,1904,50,11351,13,0,1821,48,2843
2020-06-30,3,5,2,0,45,31,2911,91,867,1911,46,11356,8,2,1826,48,2845
2020-07-01,4,5,0,0,41,28,2911,89,867,1916,42,11365,9,0,1831,48,2845
2020-07-02,4,2,2,1,43,31,2914,82,868,1920,40,11368,6,3,1833,49,2847
2020-07-03,6,4,0,0,40,30,2914,82,868,1930,30,11376,10,0,1837,49,2847
2020-07-04,0,3,1,0,41,30,2915,72,868,1930,32,11378,3,1,1840,49,2848
2020-07-05,2,6,0,0,39,28,2915,75,868,1931,32,11384,8,0,1846,49,2848
2020-07-06,2,4,0,0,38,27,2915,79,869,1936,29,11390,6,0,1850,49,2848
2020-07-07,4,4,1,0,36,26,2916,81,870,1938,29,11397,8,1,1854,49,2849
2020-07-08,4,3,2,0,33,26,2918,79,870,1943,25,11403,7,2,1857,49,2851
2020-07-09,6,5,1,0,33,25,2919,79,870,1947,21,11411,11,1,1862,49,2852
2020-07-10,7,6,1,0,34,25,2920,89,870,1947,22,11422,13,1,1868,49,2853
2020-07-11,2,2,0,0,32,23,2920,81,870,1947,22,11425,4,0,1870,49,2853
2020-07-12,3,3,1,0,33,23,2921,81,871,1949,21,11428,6,1,1873,49,2854
2020-07-13,5,4,0,0,32,23,2921,88,872,1950,22,11437,9,0,1877,49,2854
2020-07-14,6,4,0,0,29,23,2921,89,872,1951,22,11446,10,0,1881,49,2854
2020-07-15,2,4,1,0,29,23,2922,82,872,1953,22,11451,6,1,1885,49,2855
2020-07-16,2,6,1,0,28,23,2923,78,872,1958,17,11458,8,1,1891,49,2856
2020-07-17,6,1,0,0,28,22,2923,76,872,1958,18,11464,7,0,1892,49,2856
2020-07-18,6,7,0,0,27,22,2923,83,872,1958,18,11477,13,0,1899,49,2856
2020-07-19,7,1,1,0,28,22,2924,86,872,1958,19,11485,8,1,1900,49,2857
2020-07-20,4,4,0,1,28,23,2925,89,873,1963,15,11492,8,1,1904,50,2857
2020-07-21,6,5,2,0,28,22,2927,88,873,1965,16,11501,11,2,1909,50,2859
2020-07-22,4,1,1,0,28,21,2928,77,874,1969,14,11505,5,1,1910,50,2860
2020-07-23,10,6,1,0,26,20,2929,84,874,1971,14,11519,16,1,1916,50,2861
2020-07-24,10,0,1,0,25,19,2930,82,874,1975,14,11528,10,1,1916,50,2862
2020-07-25,10,3,1,0,22,19,2931,85,874,1976,15,11540,13,1,1919,50,2863
2020-07-26,4,2,3,0,23,20,2934,87,874,1976,15,11544,6,3,1921,50,2866
2020-07-27,6,5,3,0,26,21,2937,95,874,1978,13,11554,11,3,1926,50,2869
2020-07-28,10,2,0,0,26,21,2937,98,874,1979,12,11566,12,0,1928,50,2869
2020-07-29,4,0,0,0,25,21,2937,89,875,1980,12,11569,4,0,1928,50,2869
2020-07-30,15,3,3,0,27,22,2940,93,875,1982,10,11586,18,3,1931,50,2872
2020-07-31,11,1,4,0,30,24,2944,97,877,1982,9,11596,12,4,1932,50,2876
2020-08-01,8,3,2,0,31,24,2946,98,877,1983,9,11606,11,2,1935,50,2878
2020-08-02,11,2,2,0,32,24,2948,108,877,1983,9,11618,13,2,1937,50,2880
2020-08-03,15,3,3,0,35,24,2951,118,877,1983,10,11635,18,3,1940,50,2883
2020-08-04,8,3,3,0,37,26,2954,111,878,1984,11,11644,11,3,1943,50,2886
2020-08-05,8,3,2,0,36,25,2956,106,878,1987,8,11654,11,2,1946,50,2888
2020-08-06,11,2,3,0,39,27,2959,105,879,1988,7,11664,13,3,1948,50,2891
2020-08-07,14,2,1,0,39,27,2960,112,879,1989,6,11680,16,1,1950,50,2892
2020-08-08,18,1,1,0,40,28,2961,119,879,1989,7,11699,19,1,1951,50,2893
2020-08-09,19,4,5,1,45,32,2967,132,881,1990,10,11718,23,6,1955,51,2898
2020-08-10,15,4,4,0,43,32,2971,142,881,1991,10,11736,19,4,1959,51,2902
2020-08-11,27,6,3,0,45,32,2974,161,882,1992,12,11767,33,3,1965,51,2905
2020-08-12,20,0,4,0,45,30,2978,163,882,1993,17,11783,20,4,1965,51,2909
2020-08-13,19,5,4,0,43,30,2982,163,882,1993,18,11804,24,4,1970,51,2913
2020-08-14,12,3,6,0,48,32,2988,158,882,1994,20,11815,15,6,1973,51,2919
2020-08-15,15,3,1,0,46,32,2989,154,883,1994,22,11833,18,1,1976,51,2920
2020-08-16,17,4,4,0,47,33,2993,163,883,1995,21,11852,21,4,1980,51,2924
2020-08-17,19,8,7,1,55,37,3001,180,885,1998,22,11876,27,8,1988,52,2931
2020-08-18,11,1,2,0,51,37,3003,175,885,2002,21,11886,12,2,1989,52,2933
2020-08-19,17,2,3,0,50,36,3006,178,885,2008,19,11901,19,3,1991,52,2936
2020-08-20,24,2,6,0,52,39,3012,187,886,2011,15,11923,26,6,1993,52,2942
2020-08-21,18,9,5,0,55,38,3017,181,887,2014,15,11946,27,5,2002,52,2947
2020-08-22,10,4,0,0,51,36,3017,161,887,2014,17,11960,14,0,2006,52,2947
2020-08-23,14,2,5,0,53,38,3022,162,887,2015,17,11972,16,5,2008,52,2952
2020-08-24,11,4,2,0,53,39,3024,166,888,2016,23,11985,15,2,2012,52,2954
2020-08-25,20,3,3,0,48,34,3027,173,888,2017,24,12005,23,3,2015,52,2957
2020-08-26,12,6,0,0,46,34,3027,163,888,2023,21,12023,18,0,2021,52,2957
2020-08-27,7,1,2,0,45,33,3029,148,888,2027,21,12030,8,2,2022,52,2959
2020-08-28,12,2,2,0,43,34,3031,150,889,2032,17,12042,14,2,2024,52,2961
2020-08-29,2,2,3,0,44,33,3034,133,889,2033,16,12045,4,3,2026,52,2964
2020-08-30,10,2,3,0,49,36,3037,135,890,2033,17,12057,12,3,2028,52,2967
2020-08-31,16,3,1,0,48,35,3038,146,892,2036,17,12075,19,1,2031,52,2968
2020-09-01,14,1,2,0,44,36,3040,145,893,2038,17,12088,15,2,2032,52,2970
2020-09-02,17,9,2,0,43,35,3042,151,893,2040,17,12111,26,2,2041,52,2972
2020-09-03,12,3,3,0,44,33,3045,146,893,2043,14,12124,15,3,2044,52,2975
2020-09-04,17,5,4,0,48,35,3049,153,894,2044,17,12144,22,4,2049,52,2979
2020-09-05,18,3,1,0,44,34,3050,153,894,2044,18,12163,21,1,2052,52,2980
2020-09-06,23,6,4,0,48,35,3054,171,894,2044,19,12186,29,4,2058,52,2984
2020-09-07,29,5,3,0,49,35,3057,192,894,2045,21,12217,34,3,2063,52,2987
2020-09-08,23,5,3,0,48,32,3060,206,895,2045,24,12244,28,3,2068,52,2990
2020-09-09,34,10,4,0,49,32,3064,226,896,2047,23,12286,44,4,2078,52,2994
2020-09-10,18,4,5,0,52,32,3069,220,897,2049,21,12305,22,5,2082,52,2999
2020-09-11,42,3,6,0,57,34,3075,240,897,2051,21,12342,45,6,2085,52,3005
2020-09-12,20,1,6,0,61,36,3081,237,897,2052,22,12361,21,6,2086,52,3011
2020-09-13,25,5,4,0,63,37,3085,250,897,2052,22,12389,30,4,2091,52,3015
2020-09-14,52,8,10,1,74,39,3096,291,898,2055,23,12446,60,11,2099,53,3025
2020-09-15,40,3,4,0,74,39,3100,299,899,2059,24,12486,43,4,2102,53,3029
2020-09-16,49,7,1,0,69,40,3101,326,900,2060,26,12540,56,1,2109,53,3030
2020-09-17,55,8,5,0,70,41,3106,344,900,2066,25,12598,63,5,2117,53,3035
2020-09-18,80,2,7,0,73,40,3113,382,900,2068,25,12670,82,7,2119,53,3042
2020-09-19,60,5,14,0,86,45,3127,400,901,2070,24,12728,65,14,2124,53,3056
2020-09-20,51,2,13,0,97,47,3140,420,902,2070,27,12772,53,13,2126,53,3069
2020-09-21,81,3,13,0,106,49,3153,472,905,2073,23,12851,84,13,2129,53,3082
2020-09-22,71,3,10,0,113,52,3164,502,905,2076,24,12919,74,10,2132,53,3092
2020-09-23,96,6,13,0,122,54,3177,545,906,2081,23,13012,102,13,2138,53,3105
2020-09-24,106,7,11,0,129,57,3188,594,907,2083,24,13117,113,11,2145,53,3116
2020-09-25,92,6,18,0,143,58,3206,622,909,2087,24,13203,98,18,2151,53,3134
2020-09-26,79,2,13,0,148,60,3219,617,910,2088,29,13276,81,13,2153,53,3147
2020-09-27,82,4,17,1,159,60,3237,650,912,2088,36,13352,86,18,2157,54,3164
2020-09-28,112,3,15,0,166,61,3252,705,914,2091,43,13457,115,15,2160,54,3179
2020-09-29,100,6,22,1,176,63,3275,742,916,2094,51,13550,106,23,2166,55,3201
2020-09-30,113,1,15,0,177,63,3290,759,919,2097,55,13656,114,15,2167,55,3216
2020-10-01,111,12,13,0,181,65,3303,787,923,2105,55,13772,123,13,2179,55,3229
2020-10-02,122,4,14,0,181,64,3317,809,923,2108,61,13886,126,14,2183,55,3243
2020-10-03,137,5,19,0,191,68,3336,831,925,2112,65,14016,142,19,2188,55,3262
2020-10-04,104,3,21,0,202,68,3357,871,930,2116,68,14115,107,21,2191,55,3283
2020-10-05,165,5,28,0,217,67,3385,976,933,2120,71,14273,170,28,2196,55,3311
2020-10-06,156,3,34,0,239,69,3419,1021,935,2132,74,14415,159,34,2199,55,3345
2020-10-07,147,5,29,1,252,69,3449,1044,939,2141,76,14555,152,30,2204,56,3374
2020-10-08,161,3,22,0,258,69,3471,1072,942,2148,77,14703,164,22,2207,56,3396
2020-10-09,209,6,28,0,274,70,3499,1148,953,2158,83,14897,215,28,2213,56,3424
2020-10-10,152,3,27,0,273,70,3526,1130,956,2168,82,15035,155,27,2216,56,3451
2020-10-11,159,3,19,0,279,68,3545,1188,963,2172,91,15189,162,19,2219,56,3470
2020-10-12,241,3,41,0,302,68,3586,1335,967,2182,91,15406,244,41,2222,56,3511
2020-10-13,247,6,36,0,321,72,3622,1432,970,2195,90,15636,253,36,2228,56,3547
2020-10-14,205,4,35,0,341,72,3657,1426,976,2202,96,15822,209,35,2232,56,3582
2020-10-15,219,6,36,2,359,72,3695,1453,978,2211,106,16018,225,38,2238,58,3618
2020-10-16,221,6,55,0,396,73,3750,1502,990,2231,106,16216,227,55,2244,58,3673
2020-10-17,214,3,30,0,391,74,3780,1493,996,2237,111,16410,217,30,2247,58,3703
2020-10-18,188,5,41,0,414,74,3821,1528,1001,2242,121,16575,193,41,2252,58,3744
2020-10-19,284,11,58,1,452,76,3881,1680,1006,2253,129,16832,295,59,2263,59,3802
2020-10-20,243,13,49,1,478,74,3931,1738,1014,2271,131,17052,256,50,2276,60,3851
2020-10-21,273,3,48,0,493,75,3979,1772,1024,2284,139,17300,276,48,2279,60,3899
2020-10-22,281,4,43,0,506,75,4022,1844,1032,2305,148,17558,285,43,2283,60,3942
2020-10-23,310,10,53,0,520,75,4075,1925,1051,2323,144,17847,320,53,2293,60,3995
2020-10-24,208,7,36,1,524,74,4112,1857,1058,2334,159,18037,215,37,2300,61,4031
2020-10-25,252,7,47,0,540,73,4159,1929,1074,2344,166,18263,259,47,2307,61,4078
2020-10-26,341,3,60,0,567,75,4219,2089,1080,2362,182,18563,344,60,2310,61,4138
2020-10-27,292,3,49,0,578,76,4268,2098,1092,2388,176,18824,295,49,2313,61,4187
2020-10-28,276,6,51,0,596,76,4319,2075,1098,2409,187,19075,282,51,2319,61,4238
2020-10-29,273,9,46,0,607,76,4365,2046,1107,2428,190,19317,282,46,2328,61,4284
2020-10-30,290,12,42,0,614,75,4407,2066,1119,2451,194,19584,302,42,2340,61,4326
2020-10-31,201,6,48,0,623,76,4455,1987,1136,2460,200,19767,207,48,2346,61,4374
2020-11-01,220,3,43,0,632,77,4498,2009,1147,2468,215,19961,223,43,2349,61,4417
2020-11-02,385,12,59,0,658,77,4558,2218,1156,2494,219,20313,397,59,2361,61,4476
2020-11-03,239,5,31,1,653,77,4590,2165,1167,2521,215,20527,244,32,2366,62,4507
2020-11-04,246,5,39,0,658,76,4630,2098,1180,2551,210,20735,251,39,2371,62,4546
2020-11-05,242,4,35,0,650,76,4665,2027,1196,2583,200,20951,246,35,2375,62,4581
2020-11-06,241,8,35,0,647,76,4700,1951,1212,2609,206,21173,249,35,2383,62,4616
2020-11-07,153,9,39,0,639,76,4739,1801,1224,2618,221,21303,162,39,2392,62,4655
2020-11-08,160,2,44,0,644,76,4783,1781,1235,2628,240,21434,162,44,2394,62,4699
2020-11-09,296,6,41,0,645,77,4824,1926,1248,2662,228,21701,302,41,2400,62,4740
2020-11-10,226,7,37,0,648,77,4861,1863,1263,2690,226,21898,233,37,2407,62,4777
2020-11-11,235,4,36,0,643,77,4897,1817,1274,2719,220,22102,239,36,2411,62,4813
2020-11-12,206,8,41,0,648,77,4938,1765,1286,2746,211,22279,214,41,2419,62,4854
2020-11-13,246,6,31,0,650,77,4969,1746,1301,2785,210,22499,252,31,2425,62,4885
2020-11-14,141,3,22,0,617,77,4991,1612,1312,2792,223,22618,144,22,2428,62,4907
2020-11-15,146,9,34,0,621,76,5025,1607,1330,2801,238,22747,155,34,2437,62,4941
2020-11-16,255,16,36,0,617,76,5061,1754,1346,2827,237,22975,271,36,2453,62,4977
2020-11-17,201,10,29,0,604,76,5090,1725,1362,2859,233,23156,211,29,2463,62,5006
2020-11-18,194,6,31,0,588,76,5121,1667,1375,2885,230,23328,200,31,2469,62,5037
2020-11-19,192,12,39,0,590,76,5160,1606,1388,2915,227,23497,204,39,2481,62,5076
2020-11-20,171,4,28,1,581,76,5189,1516,1402,2945,219,23649,175,29,2485,63,5104
2020-11-21,141,2,21,0,567,76,5210,1419,1415,2952,227,23774,143,21,2487,63,5125
2020-11-22,167,7,25,0,562,76,5235,1453,1429,2958,230,23926,174,25,2494,63,5150
2020-11-23,220,8,26,0,564,76,5261,1583,1446,2988,224,24122,228,26,2502,63,5176
2020-11-24,155,13,34,0,557,76,5296,1536,1460,3017,218,24266,168,34,2515,63,5210
2020-11-25,163,3,41,0,563,77,5337,1465,1474,3044,211,24399,166,41,2518,63,5251
2020-11-26,192,7,30,0,558,76,5367,1471,1488,3065,209,24569,199,30,2525,63,5281
2020-11-27,181,10,17,0,541,75,5384,1463,1496,3096,197,24735,191,17,2535,63,5298
2020-11-28,101,3,21,0,535,75,5405,1363,1510,3104,207,24817,104,21,2538,63,5319
2020-11-29,119,2,18,0,520,75,5424,1368,1520,3108,223,24925,121,18,2540,63,5337
2020-11-30,173,5,24,2,517,75,5450,1453,1532,3136,220,25071,178,26,2545,65,5361
2020-12-01,153,1,30,0,510,75,5480,1407,1543,3158,218,25203,154,30,2546,65,5391
2020-12-02,169,4,30,0,511,75,5510,1370,1555,3182,222,25346,173,30,2550,65,5421
2020-12-03,187,2,30,0,499,75,5540,1377,1562,3199,220,25508,189,30,2552,65,5451
2020-12-04,207,10,33,0,509,76,5573,1410,1573,3232,205,25693,217,33,2562,65,5484
2020-12-05,146,5,25,0,503,76,5598,1362,1583,3236,212,25828,151,25,2567,65,5509
2020-12-06,141,5,28,0,508,76,5626,1403,1594,3242,220,25949,146,28,2572,65,5537
2020-12-07,221,8,21,0,504,75,5647,1514,1602,3266,218,26159,229,21,2580,65,5558
2020-12-08,180,8,40,0,514,75,5687,1499,1615,3294,213,26316,188,40,2588,65,5598
2020-12-09,183,6,31,0,506,76,5718,1482,1626,3322,204,26475,189,31,2594,65,5629
2020-12-10,200,7,33,0,511,76,5751,1479,1635,3343,210,26654,207,33,2601,65,5662
2020-12-11,258,11,36,0,508,76,5787,1551,1643,3365,203,26886,269,36,2612,65,5698
2020-12-12,156,2,22,0,505,75,5809,1523,1650,3373,204,27030,158,22,2614,65,5720
2020-12-13,180,8,42,0,530,75,5851,1576,1658,3375,215,27186,188,42,2622,65,5762
2020-12-14,279,9,24,1,535,75,5876,1748,1665,3404,211,27443,288,25,2631,66,5786
2020-12-15,221,3,44,1,548,76,5921,1743,1672,3423,212,27625,224,45,2634,67,5830
2020-12-16,246,7,36,0,559,76,5957,1770,1686,3450,194,27852,253,36,2641,67,5866
2020-12-17,256,11,48,0,584,76,6005,1814,1695,3474,191,28093,267,48,2652,67,5914
2020-12-18,287,4,38,1,591,77,6044,1869,1702,3498,192,28358,291,39,2656,68,5952
2020-12-19,183,5,43,0,602,77,6087,1772,1714,3502,211,28518,188,43,2661,68,5995
2020-12-20,191,4,55,0,624,77,6142,1786,1730,3510,220,28678,195,55,2665,68,6050
2020-12-21,346,3,32,0,622,76,6174,1983,1742,3541,210,28987,349,32,2668,68,6082
2020-12-22,279,6,43,0,630,76,6217,2001,1752,3570,201,29237,285,43,2674,68,6125
2020-12-23,293,7,48,0,647,77,6265,2027,1763,3595,208,29498,300,48,2681,68,6173
2020-12-24,302,10,49,0,651,78,6314,2045,1776,3629,204,29769,312,49,2691,68,6222
2020-12-25,232,5,36,0,644,78,6350,1944,1790,3635,212,29978,237,36,2696,68,6258
2020-12-26,238,4,42,0,657,78,6392,1983,1799,3641,226,30181,242,42,2700,68,6300
2020-12-27,269,3,44,0,673,78,6436,2074,1813,3647,241,30410,272,44,2703,68,6344
2020-12-28,449,5,68,0,708,78,6505,2357,1825,3673,245,30815,454,68,2708,68,6412
2020-12-29,250,3,61,0,728,78,6567,2336,1833,3698,247,31022,253,61,2711,68,6473
2020-12-30,263,9,45,0,736,78,6613,2295,1845,3727,240,31257,272,45,2720,68,6518
2020-12-31,265,5,39,1,737,77,6653,2216,1862,3748,252,31493,270,40,2725,69,6557
2021-01-01,213,3,40,0,725,77,6693,2053,1872,3762,263,31691,216,40,2728,69,6597
2021-01-02,233,2,40,0,730,77,6733,2103,1886,3770,282,31893,235,40,2730,69,6637
2021-01-03,230,7,45,0,732,77,6778,2127,1902,3781,299,32095,237,45,2737,69,6682
2021-01-04,332,5,58,0,750,77,6836,2252,1915,3807,319,32375,337,58,2742,69,6740
2021-01-05,284,6,54,0,746,78,6890,2218,1936,3848,314,32614,290,54,2748,69,6794
2021-01-06,244,7,45,0,733,78,6935,2161,1949,3889,297,32827,251,45,2755,69,6839
2021-01-07,241,6,38,0,732,78,6973,2103,1970,3926,286,33034,247,38,2761,69,6877
2021-01-08,243,7,45,0,730,78,7018,2041,1992,3965,277,33235,250,45,2768,69,6922
2021-01-09,162,2,31,0,710,78,7049,1867,2005,3977,287,33372,164,31,2770,69,6953
2021-01-10,189,3,31,0,706,77,7080,1877,2011,3987,298,33537,192,31,2773,69,6984
2021-01-11,275,8,38,0,718,78,7118,2009,2029,4021,286,33789,283,38,2781,69,7022
2021-01-12,211,8,45,0,725,78,7163,1944,2037,4064,266,33965,219,45,2789,69,7067
2021-01-13,239,6,36,0,726,77,7199,1887,2054,4097,267,34175,245,36,2795,69,7103
2021-01-14,207,8,34,1,709,78,7233,1825,2063,4134,263,34361,215,35,2803,70,7137
2021-01-15,218,9,37,0,702,78,7270,1807,2075,4164,264,34555,227,37,2812,70,7174
2021-01-16,163,3,27,0,684,77,7297,1680,2086,4172,274,34697,166,27,2815,70,7201
2021-01-17,150,6,38,0,692,77,7335,1635,2091,4179,295,34826,156,38,2821,70,7239
2021-01-18,247,9,41,0,702,77,7376,1761,2107,4215,285,35046,256,41,2830,70,7280
2021-01-19,217,6,34,0,695,77,7410,1748,2116,4252,281,35237,223,34,2836,70,7314
2021-01-20,188,4,33,0,687,76,7443,1673,2127,4285,269,35394,192,33,2840,70,7347
2021-01-21,230,9,39,0,692,76,7483,1674,2142,4319,264,35600,239,39,2849,70,7386
2021-01-22,209,7,35,0,684,76,7518,1653,2154,4359,257,35781,216,35,2856,70,7421
2021-01-23,158,3,33,0,673,77,7551,1575,2164,4372,261,35921,161,33,2859,70,7454
2021-01-24,153,1,26,0,671,77,7577,1585,2176,4376,279,36052,154,26,2860,70,7480
2021-01-25,210,6,54,1,694,77,7632,1680,2189,4414,269,36237,216,55,2866,71,7534
2021-01-26,175,8,34,0,685,77,7666,1634,2205,4444,279,36383,183,34,2874,71,7568
2021-01-27,183,6,28,0,659,78,7694,1572,2219,4469,278,36538,189,28,2880,71,7596
2021-01-28,204,3,43,1,661,77,7738,1531,2228,4495,277,36706,207,44,2883,72,7639
2021-01-29,218,6,27,0,656,78,7765,1542,2245,4524,279,36905,224,27,2889,72,7666
2021-01-30,132,4,31,0,642,78,7796,1472,2252,4536,279,37018,136,31,2893,72,7697
2021-01-31,149,6,35,1,658,78,7832,1507,2265,4541,289,37142,155,36,2899,73,7732
2021-02-01,233,6,29,1,661,78,7862,1613,2277,4575,291,37338,239,30,2905,74,7761
2021-02-02,179,7,28,0,642,78,7890,1580,2292,4606,289,37500,186,28,2912,74,7789
2021-02-03,169,7,29,0,627,78,7919,1522,2302,4649,284,37652,176,29,2919,74,7818
2021-02-04,186,11,26,0,603,78,7945,1490,2311,4690,279,37820,197,26,2930,74,7844
2021-02-05,182,12,19,0,572,77,7964,1481,2326,4731,270,37997,194,19,2942,74,7863
2021-02-06,129,3,21,0,546,77,7985,1356,2339,4739,284,38110,132,21,2945,74,7884
2021-02-07,119,2,21,0,532,77,8006,1338,2347,4744,291,38207,121,21,2947,74,7905
2021-02-08,191,4,32,0,544,78,8038,1443,2349,4783,273,38372,195,32,2951,74,7937
2021-02-09,189,5,19,1,541,78,8058,1418,2361,4827,247,38551,194,20,2956,75,7956
2021-02-10,191,5,28,0,541,77,8086,1419,2371,4863,231,38714,196,28,2961,75,7984
2021-02-11,176,8,32,0,539,75,8118,1405,2379,4893,228,38867,184,32,2969,75,8016
2021-02-12,181,4,33,0,535,75,8151,1382,2388,4923,218,39023,185,33,2973,75,8049
2021-02-13,113,3,22,0,529,76,8173,1285,2395,4932,223,39125,116,22,2976,75,8071
2021-02-14,140,4,26,0,534,76,8199,1291,2406,4936,231,39246,144,26,2980,75,8097
2021-02-15,218,4,36,0,547,76,8235,1405,2413,4970,232,39440,222,36,2984,75,8133
2021-02-16,176,5,39,0,542,78,8274,1389,2420,5002,225,39593,181,39,2989,75,8172
2021-02-17,164,10,36,0,542,78,8310,1373,2427,5029,229,39733,174,36,2999,75,8208
2021-02-18,196,8,26,1,530,78,8337,1380,2433,5052,230,39911,204,27,3007,76,8234
2021-02-19,159,5,32,0,533,77,8369,1359,2441,5087,219,40055,164,32,3012,76,8266
2021-02-20,126,3,40,0,539,77,8409,1264,2449,5095,225,40156,129,40,3015,76,8306
2021-02-21,126,7,36,0,554,77,8445,1263,2452,5100,237,40259,133,36,3022,76,8342
2021-02-22,212,9,32,0,566,77,8477,1374,2462,5126,241,40450,221,32,3031,76,8374
2021-02-23,163,6,26,0,553,77,8503,1363,2467,5149,246,40590,169,26,3037,76,8400
2021-02-24,176,8,29,1,549,77,8533,1346,2477,5182,236,40747,184,30,3045,77,8429
2021-02-25,154,7,47,0,560,78,8580,1307,2485,5205,250,40870,161,47,3052,77,8476
2021-02-26,193,8,29,0,545,77,8609,1295,2493,5230,256,41035,201,29,3060,77,8505
2021-02-27,133,3,20,0,526,77,8630,1239,2497,5243,261,41153,136,20,3063,77,8525
2021-02-28,147,9,42,0,545,77,8672,1255,2503,5247,273,41275,156,42,3072,77,8567
2021-03-01,231,8,50,1,576,78,8723,1379,2512,5283,272,41470,239,51,3080,78,8617
2021-03-02,169,7,39,0,570,78,8762,1360,2525,5325,262,41605,176,39,3087,78,8656
2021-03-03,150,6,34,0,558,78,8796,1313,2531,5359,251,41727,156,34,3093,78,8690
2021-03-04,171,5,42,0,570,78,8838,1294,2539,5391,252,41867,176,42,3098,78,8732
2021-03-05,172,8,36,0,564,78,8874,1278,2544,5429,244,42022,180,36,3106,78,8768
2021-03-06,115,9,38,0,573,78,8912,1195,2554,5441,252,42121,124,38,3115,78,8806
2021-03-07,150,5,33,0,574,76,8945,1216,2560,5451,253,42253,155,33,3120,78,8839
2021-03-08,220,7,42,0,598,77,8987,1327,2569,5478,259,42442,227,42,3127,78,8881
2021-03-09,184,8,35,0,589,78,9022,1328,2573,5516,248,42607,192,35,3135,78,8916
2021-03-10,182,11,43,0,600,78,9065,1301,2580,5544,252,42765,193,43,3146,78,8959
2021-03-11,190,4,42,0,601,78,9107,1291,2590,5571,254,42920,194,42,3150,78,9001
2021-03-12,188,7,31,0,591,78,9138,1296,2603,5605,254,43087,195,31,3157,78,9032
2021-03-13,162,8,34,0,577,78,9172,1260,2609,5614,271,43234,170,34,3165,78,9066
2021-03-14,155,6,41,0,582,78,9213,1286,2617,5619,288,43365,161,41,3171,78,9107
2021-03-15,222,3,45,0,598,78,9258,1406,2625,5659,274,43554,225,45,3174,78,9152
2021-03-16,209,4,45,0,608,78,9303,1410,2637,5696,280,43733,213,45,3178,78,9197
2021-03-17,192,9,38,0,590,78,9341,1397,2650,5728,282,43896,201,38,3187,78,9235
2021-03-18,231,8,54,0,597,77,9395,1438,2660,5759,277,44096,239,54,3195,78,9289
2021-03-19,223,3,48,0,609,77,9443,1449,2669,5803,253,44291,226,48,3198,78,9337
2021-03-20,176,1,38,0,617,78,9481,1405,2679,5812,267,44428,177,38,3199,78,9375
2021-03-21,193,3,52,0,635,78,9533,1453,2684,5815,284,44585,196,52,3202,78,9427
2021-03-22,278,4,40,0,647,78,9573,1588,2693,5859,274,44828,282,40,3206,78,9467
2021-03-23,218,9,42,0,642,78,9615,1554,2702,5900,263,45028,227,42,3215,78,9509
2021-03-24,237,7,37,0,640,78,9653,1561,2708,5937,259,45240,244,37,3222,78,9546
2021-03-25,239,7,58,0,657,78,9712,1556,2720,5972,264,45438,246,58,3229,78,9604
2021-03-26,276,3,60,0,662,77,9772,1578,2730,6005,259,45665,279,60,3232,78,9664
2021-03-27,157,6,40,0,665,78,9812,1504,2735,6020,268,45797,163,40,3238,78,9704
2021-03-28,190,5,34,0,672,78,9847,1524,2742,6028,276,45959,195,34,3243,78,9738
2021-03-29,334,11,48,0,694,78,9895,1712,2752,6066,277,46261,345,48,3254,78,9786
2021-03-30,240,5,51,0,695,78,9946,1688,2765,6105,275,46456,245,51,3259,78,9837
2021-03-31,250,10,60,0,709,78,10006,1648,2778,6144,271,46660,260,60,3269,78,9897
2021-04-01,262,4,46,0,703,78,10052,1663,2789,6176,265,46883,266,46,3273,78,9943
2021-04-02,228,8,67,1,735,78,10121,1595,2798,6218,250,47063,236,68,3281,79,10010
2021-04-03,164,2,46,0,745,78,10167,1498,2811,6242,256,47193,166,46,3283,79,10056
2021-04-04,204,5,54,0,759,78,10222,1512,2815,6255,281,47359,209,54,3288,79,10110
2021-04-05,221,6,53,0,770,78,10275,1582,2823,6264,304,47550,227,53,3294,79,10163
2021-04-06,275,6,55,0,785,78,10330,1689,2836,6304,299,47802,281,55,3300,79,10218
2021-04-07,243,9,62,1,801,78,10393,1683,2848,6342,292,48008,252,63,3309,80,10280
2021-04-08,239,9,48,0,806,78,10441,1647,2863,6397,274,48214,248,48,3318,80,10328
2021-04-09,291,7,55,0,810,78,10496,1668,2877,6429,288,48474,298,55,3325,80,10383
2021-04-10,206,2,51,0,800,78,10548,1578,2889,6447,311,48650,208,51,3327,80,10434
2021-04-11,197,6,58,0,804,78,10606,1591,2904,6455,333,48815,203,58,3333,80,10492
2021-04-12,235,10,48,0,807,78,10655,1664,2920,6496,330,49015,245,48,3343,80,10540
2021-04-13,219,5,44,0,795,78,10699,1610,2933,6539,319,49201,224,44,3348,80,10584
2021-04-14,244,5,54,0,802,77,10753,1582,2948,6584,307,49409,249,54,3353,80,10638
2021-04-15,236,9,64,0,819,77,10817,1561,2966,6618,311,49613,245,64,3362,80,10702
2021-04-16,253,6,52,0,812,77,10870,1597,2978,6673,288,49839,259,52,3368,80,10754
2021-04-17,205,5,54,0,821,77,10924,1517,2991,6690,314,50004,210,54,3373,80,10808
2021-04-18,210,4,54,0,820,77,10978,1546,2999,6697,340,50172,214,54,3377,80,10862
2021-04-19,334,4,64,0,846,78,11042,1743,3014,6738,348,50461,338,64,3381,80,10926
2021-04-20,276,9,52,0,834,77,11094,1750,3025,6788,328,50702,285,52,3390,80,10978
2021-04-21,275,4,51,0,842,77,11145,1751,3038,6826,320,50938,279,51,3394,80,11029
2021-04-22,228,6,45,0,843,77,11190,1749,3051,6876,310,51135,234,45,3400,80,11074
2021-04-23,252,14,64,0,858,77,11254,1721,3069,6927,307,51347,266,64,3414,80,11138
2021-04-24,199,4,51,0,841,76,11305,1602,3078,6940,330,51514,203,51,3418,80,11189
2021-04-25,221,4,43,0,838,77,11348,1629,3088,6958,358,51699,225,43,3422,80,11232
2021-04-26,333,6,60,0,841,77,11408,1802,3098,7015,347,51988,339,60,3428,80,11292
2021-04-27,182,6,52,0,838,77,11460,1711,3109,7039,361,52133,188,52,3434,80,11344
2021-04-28,326,5,48,0,835,77,11509,1834,3125,7083,360,52425,331,48,3439,80,11392
2021-04-29,283,3,66,0,842,77,11575,1868,3137,7128,359,52654,286,66,3442,80,11458
2021-04-30,250,6,51,0,838,77,11626,1847,3153,7179,347,52865,256,51,3448,80,11509
2021-05-01,180,0,38,0,822,77,11664,1723,3165,7197,351,53014,180,38,3448,80,11547
2021-05-02,181,4,67,0,854,78,11731,1673,3188,7212,370,53152,185,67,3452,80,11614
2021-05-03,276,6,52,0,851,78,11783,1777,3201,7262,359,53393,282,52,3458,80,11666
2021-05-04,226,4,51,0,851,77,11834,1720,3216,7317,344,53583,230,51,3462,80,11717
2021-05-05,194,3,43,1,837,78,11879,1597,3234,7337,368,53741,197,44,3465,81,11760
2021-05-06,215,5,45,0,821,78,11924,1618,3248,7380,368,53915,220,45,3470,81,11805
2021-05-07,232,3,46,0,809,78,11970,1628,3261,7435,354,54110,235,46,3473,81,11851
2021-05-08,150,4,38,0,790,77,12008,1509,3277,7450,369,54234,154,38,3477,81,11889
2021-05-09,163,3,36,0,780,77,12044,1480,3290,7464,394,54367,166,36,3480,81,11925
2021-05-10,246,3,36,0,763,78,12080,1574,3304,7511,384,54583,249,36,3483,81,11961
2021-05-11,190,3,41,0,752,78,12121,1514,3312,7575,358,54737,193,41,3486,81,12002
2021-05-12,172,4,37,0,741,78,12159,1438,3324,7626,334,54886,176,37,3490,81,12039
2021-05-13,149,2,27,0,726,78,12186,1325,3329,7642,345,55014,151,27,3492,81,12066
2021-05-14,208,2,32,0,725,78,12218,1392,3345,7691,334,55192,210,32,3494,81,12098
2021-05-15,139,3,33,0,708,78,12251,1276,3356,7706,355,55306,142,33,3497,81,12131
2021-05-16,128,5,25,0,687,78,12276,1249,3363,7716,378,55416,133,25,3502,81,12156
2021-05-17,189,6,37,0,686,78,12313,1337,3376,7766,372,55577,195,37,3508,81,12193
2021-05-18,153,5,33,0,661,78,12346,1290,3389,7822,346,55704,158,33,3513,81,12226
2021-05-19,136,6,23,0,640,77,12369,1198,3396,7871,324,55818,142,23,3519,81,12249
2021-05-20,150,9,23,0,627,77,12392,1158,3410,7913,308,55953,159,23,3528,81,12272
2021-05-21,139,2,23,0,611,77,12415,1117,3414,7967,275,56067,141,23,3530,81,12295
2021-05-22,89,4,26,0,608,77,12441,1006,3423,7982,280,56138,93,26,3534,81,12321
2021-05-23,81,5,21,0,600,76,12462,971,3430,7989,296,56209,86,21,3539,81,12342
2021-05-24,99,2,30,0,600,77,12492,966,3435,7997,313,56276,101,30,3541,81,12372
2021-05-25,120,3,17,0,587,77,12509,993,3445,8039,299,56375,123,17,3544,81,12389
2021-05-26,80,2,13,0,561,77,12522,924,3449,8084,279,56441,82,13,3546,81,12402
2021-05-27,89,4,18,0,547,77,12540,855,3455,8115,277,56511,93,18,3550,81,12420
2021-05-28,89,1,16,0,527,77,12556,816,3466,8160,251,56586,90,16,3551,81,12436
2021-05-29,56,3,10,1,507,76,12567,727,3473,8171,259,56631,59,11,3554,82,12446
2021-05-30,54,5,12,0,493,76,12579,700,3478,8177,277,56680,59,12,3559,82,12458
2021-05-31,84,7,9,0,474,76,12588,730,3487,8214,262,56756,91,9,3566,82,12467
2021-06-01,67,4,7,0,449,76,12595,679,3497,8250,250,56816,71,7,3570,82,12474
2021-06-02,63,5,13,0,427,77,12608,635,3503,8285,245,56869,68,13,3575,82,12487
2021-06-03,55,3,6,0,398,76,12614,597,3510,8308,246,56917,58,6,3578,82,12493
2021-06-04,79,5,5,0,372,76,12619,602,3518,8340,228,56994,84,5,3583,82,12498
2021-06-05,42,5,7,0,357,75,12626,561,3524,8347,230,57032,47,7,3588,82,12505
2021-06-06,43,6,5,0,347,75,12631,554,3528,8352,232,57074,49,5,3594,82,12510
2021-06-07,48,5,5,0,343,74,12636,564,3535,8390,212,57116,53,5,3599,82,12515
2021-06-08,52,1,8,0,325,75,12644,531,3543,8427,188,57161,53,8,3600,82,12523
2021-06-09,39,2,9,0,313,74,12653,476,3545,8457,172,57194,41,9,3602,82,12532
2021-06-10,39,0,4,0,301,73,12657,446,3551,8481,163,57225,39,4,3602,82,12536
2021-06-11,34,0,6,0,285,73,12663,419,3555,8499,161,57251,34,6,3602,82,12542
2021-06-12,22,3,7,0,272,73,12670,370,3556,8500,167,57273,25,7,3605,82,12549
2021-06-13,22,3,2,0,267,73,12672,370,3556,8501,174,57295,25,2,3608,82,12551
2021-06-14,42,6,7,0,268,74,12679,394,3558,8512,179,57331,48,7,3614,82,12558
2021-06-15,24,5,4,0,254,73,12683,351,3560,8531,176,57354,29,4,3619,82,12562
2021-06-16,26,3,6,0,241,73,12689,330,3569,8550,163,57378,29,6,3622,82,12568
2021-06-17,27,2,5,0,230,73,12694,326,3573,8574,149,57402,29,5,3624,82,12573
2021-06-18,29,5,3,0,219,72,12697,320,3575,8586,149,57431,34,3,3629,82,12576
2021-06-19,12,2,5,0,208,71,12702,291,3577,8589,155,57441,14,5,3631,82,12581
2021-06-20,17,5,3,0,198,70,12705,288,3581,8591,156,57460,22,3,3636,82,12584
2021-06-21,15,3,5,0,196,70,12710,289,3582,8615,145,57476,18,5,3639,82,12589
2021-06-22,17,3,4,0,185,68,12714,263,3585,8630,141,57493,20,4,3642,82,12593
2021-06-23,16,5,2,0,173,66,12716,254,3588,8641,141,57513,21,2,3647,82,12595
2021-06-24,10,1,1,0,160,66,12717,233,3589,8661,129,57522,11,1,3648,82,12596
2021-06-25,16,2,3,0,152,64,12720,219,3592,8678,113,57536,18,3,3650,82,12599
2021-06-26,11,3,0,0,148,63,12720,207,3594,8683,113,57549,14,0,3653,82,12599
2021-06-27,8,2,3,0,143,62,12723,208,3597,8683,113,57557,10,3,3655,82,12602
2021-06-28,7,1,2,0,142,62,12725,201,3601,8697,107,57565,8,2,3656,82,12604
2021-06-29,10,2,0,0,131,61,12725,200,3602,8710,98,57576,12,0,3658,82,12604
2021-06-30,4,6,1,0,126,59,12726,186,3604,8719,97,57584,10,1,3664,82,12605
2021-07-01,10,4,0,0,115,55,12726,188,3605,8736,86,57597,14,0,3668,82,12605
2021-07-02,8,2,4,0,112,54,12730,179,3605,8746,77,57605,10,4,3670,82,12609
2021-07-03,4,1,1,0,112,53,12731,173,3606,8747,77,57610,5,1,3671,82,12610
2021-07-04,11,0,1,1,112,52,12733,177,3606,8749,76,57620,11,2,3671,83,12611
2021-07-05,9,2,1,0,111,52,12734,180,3607,8759,71,57629,11,1,3673,83,12612
2021-07-06,4,3,1,0,106,52,12735,171,3611,8772,62,57635,7,1,3676,83,12613
2021-07-07,11,2,0,0,98,52,12735,170,3612,8777,63,57648,13,0,3678,83,12613
2021-07-08,17,1,0,0,90,49,12735,177,3613,8783,59,57665,18,0,3679,83,12613
2021-07-09,13,2,3,0,89,49,12738,179,3615,8784,60,57680,15,3,3681,83,12616
2021-07-10,16,1,2,0,86,47,12740,185,3616,8785,62,57697,17,2,3682,83,12618
2021-07-11,17,3,5,0,87,45,12745,196,3616,8785,63,57714,20,5,3685,83,12623
2021-07-12,22,5,3,0,90,47,12748,211,3616,8792,64,57737,27,3,3690,83,12626
2021-07-13,24,5,5,0,86,45,12753,219,3616,8795,65,57761,29,5,3695,83,12631
2021-07-14,33,7,2,0,83,45,12755,242,3617,8801,63,57799,40,2,3702,83,12633
2021-07-15,42,4,5,0,83,44,12760,263,3617,8808,61,57843,46,5,3706,83,12638
2021-07-16,47,3,9,0,87,48,12769,287,3617,8811,60,57888,50,9,3709,83,12647
2021-07-17,43,0,4,0,88,46,12773,303,3617,8812,62,57926,43,4,3709,83,12651
2021-07-18,59,2,6,0,91,48,12779,344,3621,8813,62,57983,61,6,3711,83,12657
2021-07-19,87,3,23,0,109,54,12802,398,3622,8821,61,58061,90,23,3714,83,12680
2021-07-20,76,2,11,0,112,54,12813,434,3623,8830,57,58130,78,11,3716,83,12691
2021-07-21,74,2,15,0,120,55,12828,444,3625,8836,56,58195,76,15,3718,83,12706
2021-07-22,69,2,11,0,124,56,12839,457,3626,8844,53,58259,71,11,3720,83,12717
2021-07-23,94,3,15,0,132,56,12854,495,3628,8850,58,58346,97,15,3723,83,12732
2021-07-24,69,0,24,0,143,59,12878,503,3631,8854,58,58401,69,24,3723,83,12756
2021-07-25,75,2,16,0,152,62,12894,516,3631,8857,64,58464,77,16,3725,83,12772
2021-07-26,97,2,19,0,162,61,12913,574,3632,8866,65,58547,99,19,3727,83,12791
2021-07-27,81,6,22,1,173,68,12936,593,3633,8875,67,58617,87,23,3733,84,12813
2021-07-28,82,2,24,0,184,69,12960,593,3633,8884,68,58678,84,24,3735,84,12837
2021-07-29,80,2,14,0,188,70,12974,601,3634,8896,72,58747,82,14,3737,84,12851
2021-07-30,81,2,16,0,187,68,12990,605,3635,8903,74,58821,83,16,3739,84,12867
2021-07-31,64,0,17,0,194,69,13007,583,3636,8907,78,58880,64,17,3739,84,12884
2021-08-01,60,2,19,0,204,69,13026,597,3636,8911,82,58926,62,19,3741,84,12903
2021-08-02,76,3,18,0,214,69,13044,622,3637,8925,82,58989,79,18,3744,84,12921
2021-08-03,54,5,13,0,211,71,13057,578,3639,8944,73,59037,59,13,3749,84,12934
2021-08-04,63,3,20,0,218,72,13077,549,3640,8952,79,59091,66,20,3752,84,12954
2021-08-05,64,4,22,0,221,72,13099,534,3641,8958,84,59145,68,22,3756,84,12976
2021-08-06,59,3,13,0,222,72,13112,526,3642,8967,94,59194,62,13,3759,84,12989
2021-08-07,47,2,19,0,222,72,13131,510,3643,8968,107,59231,49,19,3761,84,13008
2021-08-08,48,1,16,0,221,71,13147,498,3646,8972,111,59268,49,16,3762,84,13024
2021-08-09,58,3,13,0,223,73,13160,509,3648,8984,108,59319,61,13,3765,84,13037
2021-08-10,59,2,14,0,225,74,13174,511,3653,9005,98,59369,61,14,3767,84,13051
2021-08-11,58,4,17,0,223,74,13191,493,3656,9018,99,59424,62,17,3771,84,13068
2021-08-12,69,3,10,0,218,74,13201,504,3661,9033,101,59488,72,10,3774,84,13078
2021-08-13,81,1,14,0,211,73,13215,522,3666,9045,98,59559,82,14,3775,84,13092
2021-08-14,50,3,12,0,209,73,13227,514,3667,9050,102,59609,53,12,3778,84,13104
2021-08-15,61,1,12,0,209,72,13239,532,3669,9052,108,59662,62,12,3779,84,13116
2021-08-16,76,4,11,0,210,70,13250,565,3670,9066,104,59736,80,11,3783,84,13127
2021-08-17,57,3,13,0,213,71,13263,550,3671,9085,93,59784,60,13,3786,84,13140
2021-08-18,55,0,19,0,224,73,13282,532,3673,9093,96,59823,55,19,3786,84,13159
2021-08-19,71,3,13,0,223,73,13295,529,3673,9111,91,59889,74,13,3789,84,13172
2021-08-20,48,0,15,0,225,72,13310,518,3677,9125,88,59926,48,15,3789,84,13187
2021-08-21,41,0,13,0,223,72,13323,483,3677,9130,89,59957,41,13,3789,84,13200
2021-08-22,60,1,11,0,227,72,13334,505,3680,9132,92,60012,61,11,3790,84,13211
2021-08-23,61,6,18,0,239,73,13352,537,3685,9142,95,60070,67,18,3796,84,13229
2021-08-24,54,3,13,0,235,73,13365,520,3689,9157,92,60118,57,13,3799,84,13242
2021-08-25,54,2,14,0,232,74,13379,505,3694,9169,92,60166,56,14,3801,84,13256
2021-08-26,63,4,16,0,228,74,13395,503,3696,9187,81,60221,67,16,3805,84,13272
2021-08-27,76,1,13,0,232,72,13408,505,3701,9201,75,60288,77,13,3806,84,13285
2021-08-28,52,0,13,0,233,72,13421,484,3706,9203,82,60330,52,13,3806,84,13298
2021-08-29,40,0,8,0,227,72,13429,493,3707,9205,88,60364,40,8,3806,84,13306
2021-08-30,66,3,11,0,228,73,13440,527,3709,9215,92,60426,69,11,3809,84,13317
2021-08-31,59,0,9,0,220,74,13449,503,3713,9228,92,60477,59,9,3809,84,13326
2021-09-01,66,2,13,0,214,74,13462,495,3718,9238,93,60536,68,13,3811,84,13339
2021-09-02,53,3,18,0,216,72,13480,494,3719,9251,89,60579,56,18,3814,84,13357
2021-09-03,71,3,16,0,221,72,13496,506,3722,9258,90,60640,74,16,3817,84,13373
2021-09-04,55,2,11,0,219,73,13507,486,3725,9263,93,60690,57,11,3819,84,13384
2021-09-05,33,2,13,0,222,72,13520,484,3727,9266,96,60717,35,13,3821,84,13397
2021-09-06,59,2,14,0,229,72,13534,503,3731,9280,90,60773,61,14,3823,84,13411
2021-09-07,56,1,15,0,231,73,13549,512,3733,9293,89,60817,57,15,3824,84,13426
2021-09-08,70,6,12,0,229,74,13561,516,3737,9300,94,60880,76,12,3830,84,13438
2021-09-09,50,2,14,0,225,74,13575,497,3743,9312,94,60921,52,14,3832,84,13452
2021-09-10,43,7,15,0,223,74,13590,490,3748,9330,82,60960,50,15,3839,84,13467
2021-09-11,45,3,6,0,216,73,13596,483,3751,9333,88,61004,48,6,3842,84,13473
2021-09-12,47,1,4,0,207,72,13600,493,3751,9334,91,61044,48,4,3843,84,13477
2021-09-13,55,3,4,0,207,71,13604,513,3753,9349,84,61093,58,4,3846,84,13481
2021-09-14,46,8,15,0,211,71,13619,499,3756,9361,84,61137,54,15,3854,84,13496
2021-09-15,46,3,16,0,211,73,13635,473,3758,9371,79,61172,49,16,3857,84,13512
2021-09-16,43,0,6,0,208,73,13641,465,3761,9383,76,61212,43,6,3857,84,13518
2021-09-17,45,4,8,0,204,70,13649,455,3762,9391,78,61253,49,8,3861,84,13526
2021-09-18,38,3,7,0,200,71,13656,431,3763,9391,83,61290,41,7,3864,84,13533
2021-09-19,29,1,11,0,205,71,13667,425,3764,9394,83,61314,30,11,3865,84,13544
2021-09-20,38,4,7,0,208,72,13674,441,3765,9408,82,61349,42,7,3869,84,13551
2021-09-21,25,3,13,0,207,72,13687,418,3767,9417,90,61366,28,13,3872,84,13564
2021-09-22,29,1,6,0,193,72,13693,395,3770,9422,92,61391,30,6,3873,84,13570
2021-09-23,40,6,11,0,194,73,13704,389,3770,9426,98,61431,46,11,3879,84,13581
2021-09-24,39,4,7,0,189,71,13711,377,3773,9439,97,61468,43,7,3883,84,13588
2021-09-25,34,0,8,0,183,72,13719,355,3774,9443,101,61495,34,8,3883,84,13596
2021-09-26,28,3,6,0,179,73,13725,362,3778,9445,106,61520,31,6,3886,84,13602
2021-09-27,45,2,3,0,171,73,13728,392,3781,9453,108,61562,47,3,3888,84,13605
2021-09-28,41,4,6,0,162,71,13734,390,3784,9459,111,61603,45,6,3892,84,13611
2021-09-29,31,1,7,0,155,70,13741,382,3787,9470,111,61628,32,7,3893,84,13618
2021-09-30,42,3,5,1,147,67,13747,393,3790,9483,106,61669,45,6,3896,85,13623
2021-10-01,48,3,8,0,146,68,13755,403,3792,9494,105,61714,51,8,3899,85,13631
2021-10-02,32,3,8,0,141,66,13763,381,3792,9497,108,61746,35,8,3902,85,13639
2021-10-03,33,0,8,0,143,66,13771,392,3794,9499,111,61773,33,8,3902,85,13647
2021-10-04,63,3,13,0,150,67,13784,435,3800,9512,109,61830,66,13,3905,85,13660
2021-10-05,43,2,6,0,139,65,13790,443,3805,9525,101,61870,45,6,3907,85,13666
2021-10-06,48,5,13,0,141,67,13803,455,3809,9532,101,61914,53,13,3912,85,13679
2021-10-07,38,1,6,0,136,66,13809,447,3812,9544,94,61949,39,6,3913,85,13685
2021-10-08,54,3,11,0,138,66,13820,457,3812,9559,87,61997,57,11,3916,85,13696
2021-10-09,38,4,12,1,145,67,13833,454,3815,9561,89,62032,42,13,3920,86,13708
2021-10-10,43,5,10,0,148,70,13843,474,3816,9561,94,62070,48,10,3925,86,13718
2021-10-11,67,5,12,0,154,71,13855,516,3820,9572,90,62133,72,12,3930,86,13730
2021-10-12,61,6,7,0,150,69,13862,546,3824,9586,79,62195,67,7,3936,86,13737
2021-10-13,61,4,12,0,155,69,13874,566,3827,9593,77,62254,65,12,3940,86,13749
2021-10-14,70,3,10,0,155,68,13884,580,3831,9601,82,62318,73,10,3943,86,13759
2021-10-15,71,5,11,0,149,65,13895,601,3835,9619,71,62388,76,11,3948,86,13770
2021-10-16,53,4,10,0,146,63,13905,597,3837,9621,74,62439,57,10,3952,86,13780
2021-10-17,60,3,17,0,157,64,13923,627,3839,9621,77,62489,63,17,3955,86,13797
2021-10-18,101,3,14,0,166,65,13937,687,3842,9639,70,62587,104,14,3958,86,13811
2021-10-19,92,7,18,0,169,65,13955,710,3846,9646,68,62674,99,18,3965,86,13829
2021-10-20,109,1,20,0,180,64,13975,745,3848,9649,71,62771,110,20,3966,86,13849
2021-10-21,107,2,13,0,184,69,13988,775,3850,9660,64,62870,109,13,3968,86,13862
2021-10-22,89,3,25,0,203,71,14013,790,3853,9673,59,62943,92,25,3971,86,13887
2021-10-23,81,4,7,0,199,71,14020,794,3857,9673,68,63022,85,7,3975,86,13894
2021-10-24,76,5,19,0,204,69,14039,823,3858,9676,72,63088,81,19,3980,86,13913
2021-10-25,119,6,15,0,213,71,14054,904,3861,9685,80,63205,125,15,3986,86,13928
2021-10-26,114,3,22,0,214,72,14076,927,3867,9696,75,63310,117,22,3989,86,13950
2021-10-27,146,5,21,0,223,71,14097,989,3873,9703,79,63449,151,21,3994,86,13971
2021-10-28,136,7,22,0,227,71,14119,1045,3874,9714,80,63579,143,22,4001,86,13993
2021-10-29,162,6,28,0,242,74,14147,1126,3880,9723,87,63733,168,28,4007,86,14021
2021-10-30,139,4,12,0,229,75,14159,1144,3884,9726,94,63867,143,12,4011,86,14033
2021-10-31,131,4,24,0,239,74,14183,1201,3887,9727,99,63991,135,24,4015,86,14057
2021-11-01,206,4,23,0,253,75,14206,1340,3893,9735,104,64188,210,23,4019,86,14080
2021-11-02,173,4,34,0,268,75,14240,1388,3899,9748,103,64346,177,34,4023,86,14114
2021-11-03,151,4,30,0,280,75,14270,1378,3905,9758,107,64481,155,30,4027,86,14144
2021-11-04,177,10,26,0,286,75,14296,1398,3909,9766,110,64647,187,26,4037,86,14170
2021-11-05,207,11,27,0,298,76,14323,1455,3914,9779,112,64847,218,27,4048,86,14197
2021-11-06,134,0,34,0,312,76,14357,1412,3919,9785,115,64960,134,34,4048,86,14231
2021-11-07,167,1,35,0,332,76,14392,1484,3927,9786,123,65103,168,35,4049,86,14266
2021-11-08,245,11,19,0,333,76,14411,1653,3934,9802,125,65338,256,19,4060,86,14285
2021-11-09,177,6,34,0,340,76,14445,1663,3941,9823,121,65501,183,34,4066,86,14319
2021-11-10,210,5,36,0,352,76,14481,1674,3944,9838,124,65693,215,36,4071,86,14355
2021-11-11,232,2,34,1,366,76,14516,1722,3954,9849,128,65905,234,35,4073,87,14389
2021-11-12,231,3,43,0,384,76,14560,1764,3966,9864,127,66117,234,43,4076,87,14432
2021-11-13,197,3,26,0,384,76,14586,1757,3972,9872,131,66299,200,26,4079,87,14458
2021-11-14,220,8,34,0,399,76,14620,1841,3981,9875,145,66499,228,34,4087,87,14492
2021-11-15,300,8,37,0,410,76,14657,2020,3985,9887,155,66780,308,37,4095,87,14529
2021-11-16,269,8,51,0,432,75,14708,2058,3989,9908,159,67020,277,51,4103,87,14580
2021-11-17,247,13,37,0,437,75,14745,2053,4000,9922,166,67254,260,37,4116,87,14617
2021-11-18,254,10,50,0,456,75,14795,2059,4009,9943,160,67486,264,50,4126,87,14667
2021-11-19,331,7,38,1,472,75,14834,2154,4022,9969,155,67794,338,39,4133,88,14705
2021-11-20,233,4,41,0,480,73,14875,2087,4033,9976,164,68006,237,41,4137,88,14746
2021-11-21,270,2,47,0,501,74,14922,2158,4042,9982,183,68241,272,47,4139,88,14793
2021-11-22,356,9,57,2,524,75,14981,2355,4046,10004,190,68562,365,59,4148,90,14850
2021-11-23,290,9,45,0,537,76,15027,2388,4058,10028,185,68821,299,45,4157,90,14895
2021-11-24,300,3,49,0,553,77,15076,2371,4071,10047,183,69078,303,49,4160,90,14944
2021-11-25,325,8,55,0,577,77,15131,2405,4089,10073,197,69369,333,55,4168,90,14999
2021-11-26,356,6,53,0,573,76,15184,2453,4099,10104,191,69685,362,53,4174,90,15052
2021-11-27,222,5,59,0,595,76,15243,2310,4108,10116,208,69870,227,59,4179,90,15111
2021-11-28,252,6,52,0,604,76,15296,2365,4121,10123,225,70090,258,52,4185,90,15163
2021-11-29,369,2,55,0,625,76,15351,2560,4131,10152,222,70429,371,55,4187,90,15218
2021-11-30,315,8,53,0,642,76,15404,2548,4153,10185,229,70712,323,53,4195,90,15271
2021-12-01,346,9,65,1,644,76,15470,2497,4170,10214,229,71004,355,66,4204,91,15336
2021-12-02,291,8,45,0,638,77,15515,2450,4181,10246,228,71254,299,45,4212,91,15381
2021-12-03,297,4,41,0,634,77,15556,2403,4197,10277,231,71523,301,41,4216,91,15422
2021-12-04,234,2,41,0,622,78,15597,2263,4209,10286,247,71726,236,41,4218,91,15463
2021-12-05,219,1,50,0,634,77,15647,2261,4213,10299,263,71915,220,50,4219,91,15513
2021-12-06,340,8,49,0,651,78,15696,2402,4222,10334,261,72218,348,49,4227,91,15562
2021-12-07,312,10,53,0,662,78,15749,2395,4233,10376,258,72501,322,53,4237,91,15615
2021-12-08,320,11,59,0,668,77,15808,2397,4245,10408,258,72782,331,59,4248,91,15674
2021-12-09,273,3,56,0,677,78,15864,2352,4260,10445,253,73017,276,56,4251,91,15730
2021-12-10,315,5,47,0,678,78,15911,2344,4274,10477,251,73307,320,47,4256,91,15777
2021-12-11,208,2,23,0,654,78,15934,2198,4280,10493,264,73493,210,23,4258,91,15800
2021-12-12,192,0,45,1,666,77,15980,2198,4293,10500,288,73653,192,46,4258,92,15845
2021-12-13,263,6,48,0,666,77,16028,2274,4303,10531,295,73875,269,48,4264,92,15893
2021-12-14,232,10,32,0,651,77,16061,2199,4310,10569,285,74086,242,32,4274,92,15925
2021-12-15,232,5,39,0,654,77,16100,2092,4320,10593,290,74283,237,39,4279,92,15964
2021-12-16,205,9,39,0,652,77,16139,2002,4331,10635,276,74461,214,39,4288,92,16003
2021-12-17,208,6,46,0,659,78,16185,1924,4343,10676,266,74634,214,46,4294,92,16049
2021-12-18,131,7,26,0,638,78,16211,1763,4352,10685,286,74755,138,26,4301,92,16075
2021-12-19,162,8,31,0,629,78,16242,1754,4363,10689,307,74894,170,31,4309,92,16106
2021-12-20,219,3,38,0,629,78,16280,1875,4378,10732,293,75092,222,38,4312,92,16144
2021-12-21,192,5,32,0,621,78,16312,1813,4391,10772,280,75261,197,32,4317,92,16176
2021-12-22,173,4,18,0,597,78,16330,1724,4398,10812,276,75418,177,18,4321,92,16194
2021-12-23,138,3,24,0,578,78,16354,1650,4412,10849,264,75539,141,24,4324,92,16218
2021-12-24,170,3,26,0,565,78,16380,1608,4426,10891,251,75686,173,26,4327,92,16244
2021-12-25,116,3,28,0,546,77,16408,1440,4434,10904,259,75783,119,28,4330,92,16272
2021-12-26,112,2,30,0,547,77,16438,1429,4442,10909,272,75881,114,30,4332,92,16302
2021-12-27,215,9,38,0,559,77,16476,1550,4454,10943,266,76073,224,38,4341,92,16340
2021-12-28,184,8,28,0,545,77,16504,1553,4472,10981,246,76249,192,28,4349,92,16368
2021-12-29,147,3,19,0,527,78,16523,1495,4486,11022,231,76380,150,19,4352,92,16387
2021-12-30,149,4,24,0,509,78,16547,1439,4496,11049,223,76514,153,24,4356,92,16411
2021-12-31,136,2,16,0,493,78,16563,1363,4509,11077,215,76634,138,16,4358,92,16427
2022-01-01,107,4,21,0,481,77,16584,1248,4519,11080,225,76733,111,21,4362,92,16448
2022-01-02,104,7,24,0,483,77,16608,1273,4529,11087,229,76826,111,24,4369,92,16472
2022-01-03,170,8,32,0,496,77,16640,1383,4541,11117,228,76977,178,32,4377,92,16504
2022-01-04,155,6,14,1,471,77,16655,1369,4552,11141,219,77129,161,15,4383,93,16518
2022-01-05,137,5,15,0,461,77,16670,1318,4562,11170,216,77251,142,15,4388,93,16533
2022-01-06,123,13,22,0,447,77,16692,1288,4569,11195,217,77370,136,22,4401,93,16555
2022-01-07,176,6,15,0,429,77,16707,1315,4573,11221,216,77536,182,15,4407,93,16570
2022-01-08,93,3,21,0,422,77,16728,1207,4580,11232,227,77614,96,21,4410,93,16591
2022-01-09,122,1,25,0,417,77,16753,1228,4589,11235,236,77719,123,25,4411,93,16616
2022-01-10,160,6,25,0,421,77,16778,1323,4595,11262,232,77858,166,25,4417,93,16641
2022-01-11,122,3,13,0,403,76,16791,1265,4600,11288,229,77962,125,13,4420,93,16654
2022-01-12,107,5,11,0,385,76,16802,1196,4605,11313,223,78065,112,11,4425,93,16665
2022-01-13,102,6,13,0,369,75,16815,1164,4617,11342,213,78156,108,13,4431,93,16678
2022-01-14,140,8,12,0,349,76,16828,1155,4627,11368,207,78291,148,12,4439,93,16690
2022-01-15,100,4,14,0,331,75,16842,1094,4632,11378,213,78381,104,14,4443,93,16704
2022-01-16,101,2,10,0,320,75,16852,1093,4634,11382,214,78472,103,10,4445,93,16714
2022-01-17,151,9,9,0,325,75,16861,1185,4638,11408,204,78618,160,9,4454,93,16723
2022-01-18,125,4,7,0,311,76,16868,1143,4642,11436,192,78737,129,7,4458,93,16730
2022-01-19,168,4,16,0,307,76,16884,1168,4652,11458,184,78892,172,16,4462,93,16746
2022-01-20,170,2,12,0,296,75,16896,1183,4655,11483,173,79055,172,12,4464,93,16758
2022-01-21,169,7,9,0,288,74,16905,1206,4659,11504,165,79211,176,9,4471,93,16767
2022-01-22,124,6,5,0,273,74,16910,1166,4662,11511,172,79327,130,5,4477,93,16772
2022-01-23,144,2,8,1,265,74,16919,1216,4667,11513,179,79463,146,9,4479,94,16780
2022-01-24,196,4,11,1,263,74,16931,1316,4669,11533,175,79649,200,12,4483,95,16791
2022-01-25,163,6,13,0,260,73,16944,1313,4674,11550,172,79798,169,13,4489,95,16804
2022-01-26,192,9,9,0,253,72,16953,1339,4682,11568,171,79982,201,9,4498,95,16813
2022-01-27,199,8,22,0,250,72,16975,1353,4687,11580,172,80174,207,22,4506,95,16835
2022-01-28,200,11,9,0,240,69,16985,1374,4693,11600,173,80369,211,9,4517,95,16844
2022-01-29,165,2,8,0,221,69,16993,1343,4702,11605,174,80525,167,8,4519,95,16852
2022-01-30,173,8,10,0,213,69,17004,1389,4704,11606,180,80691,181,10,4527,95,16862
2022-01-31,252,8,20,0,224,70,17024,1545,4708,11631,174,80935,260,20,4535,95,16882
2022-02-01,238,8,15,0,218,67,17039,1614,4712,11652,162,81165,246,15,4543,95,16897
2022-02-02,240,5,16,0,220,67,17055,1634,4719,11668,155,81389,245,16,4548,95,16913
2022-02-03,206,9,21,1,227,71,17077,1617,4721,11685,150,81585,215,22,4557,96,16934
2022-02-04,256,4,15,0,227,69,17092,1654,4726,11698,155,81817,260,15,4561,96,16949
2022-02-05,134,5,11,0,215,69,17103,1527,4732,11702,163,81947,139,11,4566,96,16960
2022-02-06,192,4,28,0,225,67,17131,1586,4733,11704,173,82120,196,28,4570,96,16988
2022-02-07,241,9,18,0,229,66,17149,1724,4737,11722,173,82343,250,18,4579,96,17006
2022-02-08,217,8,20,0,227,70,17169,1733,4740,11740,176,82547,225,20,4587,96,17026
2022-02-09,216,7,12,0,215,70,17181,1723,4743,11764,166,82756,223,12,4594,96,17038
2022-02-10,239,5,13,0,210,70,17194,1708,4749,11781,168,82983,244,13,4599,96,17051
2022-02-11,243,2,13,1,197,68,17208,1722,4756,11793,176,83210,245,14,4601,97,17064
2022-02-12,161,3,14,0,183,66,17222,1629,4761,11798,175,83365,164,14,4604,97,17078
2022-02-13,154,5,12,0,187,65,17234,1622,4766,11801,176,83507,159,12,4609,97,17090
2022-02-14,258,10,12,0,191,65,17246,1798,4767,11821,170,83752,268,12,4619,97,17102
2022-02-15,245,4,16,0,193,66,17262,1832,4772,11836,172,83972,249,16,4623,97,17118
2022-02-16,216,4,15,0,186,65,17278,1813,4775,11848,173,84177,220,15,4627,97,17133
2022-02-17,214,6,15,0,184,68,17294,1786,4779,11866,167,84382,220,15,4633,97,17148
2022-02-18,231,6,16,0,183,68,17310,1806,4783,11884,158,84598,237,16,4639,97,17164
2022-02-19,146,4,18,0,188,69,17328,1714,4790,11892,166,84728,150,18,4643,97,17182
2022-02-20,163,6,13,0,177,70,17341,1712,4794,11899,168,84880,169,13,4649,97,17195
2022-02-21,227,3,18,0,183,71,17359,1815,4795,11917,161,85086,230,18,4652,97,17213
2022-02-22,196,7,13,0,184,71,17372,1812,4798,11936,156,85270,203,13,4659,97,17226
2022-02-23,201,3,12,0,178,70,17384,1749,4800,11953,151,85454,204,12,4662,97,17238
2022-02-24,180,3,14,1,179,70,17399,1689,4804,11973,144,85615,183,15,4665,98,17252
2022-02-25,197,7,15,0,178,68,17414,1672,4807,11989,138,85799,204,15,4672,98,17267
2022-02-26,131,1,15,0,179,68,17429,1556,4808,11994,141,85916,132,15,4673,98,17282
2022-02-27,122,5,9,1,181,69,17439,1545,4810,11996,149,86029,127,10,4678,99,17291
2022-02-28,234,1,10,0,179,69,17449,1693,4813,12011,147,86242,235,10,4679,99,17301
2022-03-01,230,5,18,0,180,70,17467,1723,4817,12028,142,86453,235,18,4684,99,17319
2022-03-02,250,7,12,0,174,71,17479,1768,4820,12052,130,86685,257,12,4691,99,17331
2022-03-03,204,5,11,0,169,70,17490,1779,4826,12066,127,86882,209,11,4696,99,17342
2022-03-04,221,0,13,0,166,68,17503,1785,4829,12084,121,87084,221,13,4696,99,17355
2022-03-05,152,4,12,0,164,67,17515,1693,4832,12086,125,87230,156,12,4700,99,17367
2022-03-06,206,6,11,0,165,66,17526,1786,4838,12090,122,87428,212,11,4706,99,17378
2022-03-07,283,18,15,0,173,66,17541,1990,4842,12104,118,87710,301,15,4724,99,17393
2022-03-08,258,7,18,0,178,65,17559,2041,4845,12120,114,87953,265,18,4731,99,17411
2022-03-09,248,6,16,0,179,63,17575,2033,4850,12133,118,88188,254,16,4737,99,17427
2022-03-10,303,8,13,0,169,62,17588,2084,4855,12146,115,88486,311,13,4745,99,17440
2022-03-11,266,12,21,0,176,61,17609,2105,4863,12162,108,88746,278,21,4757,99,17461
2022-03-12,219,2,10,0,169,60,17619,2013,4867,12171,116,88950,221,10,4759,99,17471
2022-03-13,244,5,10,0,157,58,17629,2122,4872,12176,119,89191,249,10,4764,99,17481
2022-03-14,320,6,24,0,169,60,17653,2303,4879,12191,110,89489,326,24,4770,99,17505
2022-03-15,320,3,24,0,176,64,17677,2320,4882,12203,116,89789,323,24,4773,99,17529
2022-03-16,292,9,15,0,168,59,17692,2361,4889,12215,118,90068,301,15,4782,99,17544
2022-03-17,311,9,18,0,165,56,17710,2340,4896,12224,124,90361,320,18,4791,99,17562
2022-03-18,256,3,18,0,160,56,17728,2283,4898,12234,127,90598,259,18,4794,99,17580
2022-03-19,207,6,13,0,155,57,17741,2140,4905,12239,132,90800,213,13,4800,99,17593
2022-03-20,200,3,16,0,154,61,17757,2181,4911,12242,135,90990,203,16,4803,99,17609
2022-03-21,336,6,24,0,166,64,17781,2403,4917,12257,134,91300,342,24,4809,99,17633
2022-03-22,303,12,20,0,166,66,17801,2377,4923,12277,126,91588,315,20,4821,99,17653
2022-03-23,282,7,21,0,169,69,17822,2338,4930,12294,128,91853,289,21,4828,99,17674
2022-03-24,260,3,21,1,166,68,17844,2276,4933,12308,133,92089,263,22,4831,100,17695
2022-03-25,260,6,11,0,155,64,17855,2272,4938,12327,131,92334,266,11,4837,100,17706
2022-03-26,160,1,15,0,147,64,17870,2090,4943,12333,133,92477,161,15,4838,100,17721
2022-03-27,152,3,13,0,147,61,17883,2096,4944,12337,140,92617,155,13,4841,100,17734
2022-03-28,275,7,16,0,152,62,17899,2284,4948,12357,141,92878,282,16,4848,100,17750
2022-03-29,232,3,19,0,146,61,17918,2242,4952,12376,132,93082,235,19,4851,100,17769
2022-03-30,224,10,13,0,146,61,17931,2205,4956,12389,134,93296,234,13,4861,100,17782
2022-03-31,173,5,15,0,143,61,17946,2072,4961,12401,138,93453,178,15,4866,100,17797
2022-04-01,196,6,12,0,136,60,17958,2009,4963,12424,131,93640,202,12,4872,100,17809
2022-04-02,100,3,5,0,123,55,17963,1851,4968,12433,130,93733,103,5,4875,100,17814
2022-04-03,133,2,7,0,115,55,17970,1852,4970,12435,137,93860,135,7,4877,100,17821
2022-04-04,196,3,8,0,111,51,17978,1979,4971,12451,128,94041,199,8,4880,100,17829
2022-04-05,194,2,13,1,114,54,17992,1918,4977,12463,124,94215,196,14,4882,101,17842
2022-04-06,166,5,14,0,115,53,18006,1834,4982,12481,112,94373,171,14,4887,101,17856
2022-04-07,166,5,16,0,121,54,18022,1783,4988,12491,112,94530,171,16,4892,101,17872
2022-04-08,160,4,7,0,113,55,18029,1732,4994,12504,115,94679,164,7,4896,101,17879
2022-04-09,85,1,8,0,99,50,18037,1585,4995,12510,118,94756,86,8,4897,101,17887
2022-04-10,103,2,8,0,98,48,18045,1587,4998,12513,118,94853,105,8,4899,101,17895
2022-04-11,131,6,8,0,101,47,18053,1633,5002,12529,108,94975,137,8,4905,101,17903
2022-04-12,133,4,16,0,107,51,18069,1554,5005,12540,102,95096,137,16,4909,101,17919
2022-04-13,127,4,10,0,109,53,18079,1482,5007,12548,100,95216,131,10,4913,101,17929
2022-04-14,104,8,11,0,110,53,18090,1445,5008,12558,97,95308,112,11,4921,101,17940
2022-04-15,105,4,7,0,108,51,18097,1350,5012,12571,96,95403,109,7,4925,101,17947
2022-04-16,71,2,3,0,93,48,18100,1250,5014,12573,99,95470,73,3,4927,101,17950
2022-04-17,81,3,8,0,94,52,18108,1231,5017,12576,97,95546,84,8,4930,101,17958
2022-04-18,75,3,6,0,96,54,18114,1249,5020,12579,99,95610,78,6,4933,101,17964
2022-04-19,105,3,13,0,101,53,18127,1292,5024,12588,96,95702,108,13,4936,101,17977
2022-04-20,99,2,4,0,94,52,18131,1252,5026,12595,101,95792,101,4,4938,101,17981
2022-04-21,97,2,9,0,88,49,18140,1192,5027,12604,101,95877,99,9,4940,101,17990
2022-04-22,74,5,6,0,84,49,18146,1140,5029,12609,100,95945,79,6,4945,101,17996
2022-04-23,69,2,4,0,81,47,18150,1057,5032,12613,100,96011,71,4,4947,101,18000
2022-04-24,66,2,7,0,80,46,18157,1070,5036,12614,100,96071,68,7,4949,101,18007
2022-04-25,90,1,5,1,81,45,18163,1114,5037,12621,100,96155,91,6,4950,102,18012
2022-04-26,68,6,3,0,75,45,18166,1079,5039,12632,97,96221,74,3,4956,102,18015
2022-04-27,43,3,9,0,74,48,18175,987,5039,12637,98,96259,46,9,4959,102,18024
2022-04-28,70,3,3,0,71,46,18179,1000,5041,12647,93,96324,73,3,4962,102,18027
2022-04-29,47,2,1,0,65,45,18180,950,5043,12654,90,96368,49,1,4964,102,18028
2022-04-30,42,3,6,0,66,42,18186,862,5045,12658,90,96409,45,6,4967,102,18034
2022-05-01,56,2,6,0,66,42,18192,873,5046,12658,92,96461,58,6,4969,102,18040
2022-05-02,62,2,3,0,66,41,18195,916,5048,12666,89,96521,64,3,4971,102,18043
2022-05-03,54,5,3,0,63,39,18198,898,5051,12675,90,96574,59,3,4976,102,18046
2022-05-04,65,2,8,0,55,39,18206,858,5053,12679,90,96636,67,8,4978,102,18054
2022-05-05,44,2,1,0,50,36,18207,806,5056,12681,91,96678,46,1,4980,102,18055
2022-05-06,40,0,3,0,47,36,18210,801,5057,12689,84,96714,40,3,4980,102,18058
2022-05-07,42,0,3,0,48,36,18213,747,5058,12690,85,96754,42,3,4980,102,18061
2022-05-08,42,3,3,0,49,34,18216,761,5059,12690,89,96788,45,3,4983,102,18064
2022-05-09,53,1,3,0,48,34,18219,785,5060,12701,85,96836,54,3,4984,102,18067
2022-05-10,48,4,6,0,47,32,18225,782,5061,12706,82,96884,52,6,4988,102,18073
2022-05-11,42,3,3,0,47,31,18228,738,5061,12715,74,96921,45,3,4991,102,18076
2022-05-12,43,3,1,0,47,31,18229,723,5065,12722,70,96961,46,1,4994,102,18077
2022-05-13,41,4,2,0,42,28,18231,693,5067,12731,65,97003,45,2,4998,102,18079
2022-05-14,17,2,2,0,37,26,18233,649,5068,12733,66,97020,19,2,5000,102,18081
2022-05-15,33,2,2,0,35,24,18235,656,5069,12733,66,97054,35,2,5002,102,18083
2022-05-16,59,6,6,0,41,28,18241,706,5069,12741,64,97107,65,6,5008,102,18089
2022-05-17,48,2,2,0,37,26,18243,697,5070,12747,60,97149,50,2,5010,102,18091
2022-05-18,42,3,4,0,37,27,18247,684,5075,12753,55,97186,45,4,5013,102,18095
2022-05-19,45,1,2,0,33,26,18249,666,5077,12756,55,97229,46,2,5014,102,18097
2022-05-20,33,3,1,0,30,24,18250,636,5078,12760,52,97259,36,1,5017,102,18098
2022-05-21,27,2,1,0,29,24,18251,598,5078,12760,54,97284,29,1,5019,102,18099
2022-05-22,21,2,2,1,30,24,18254,597,5079,12760,54,97307,23,3,5021,103,18101
2022-05-23,51,2,4,0,33,25,18258,635,5080,12764,53,97353,53,4,5023,103,18105
2022-05-24,44,2,3,0,32,25,18261,621,5082,12767,53,97389,46,3,5025,103,18108
2022-05-25,29,4,1,0,28,24,18262,596,5082,12771,52,97417,33,1,5029,103,18109
2022-05-26,20,1,2,0,27,23,18264,572,5083,12773,51,97436,21,2,5030,103,18111
2022-05-27,38,0,3,0,28,22,18267,586,5083,12779,47,97470,38,3,5030,103,18114
2022-05-28,19,1,0,0,27,21,18267,550,5083,12782,45,97489,20,0,5031,103,18114
2022-05-29,23,0,1,0,27,20,18268,550,5083,12782,45,97510,23,1,5031,103,18115
2022-05-30,46,5,0,1,28,20,18269,590,5083,12784,45,97556,51,1,5036,104,18115
2022-05-31,43,3,3,0,29,20,18272,589,5084,12787,43,97593,46,3,5039,104,18118
2022-06-01,35,3,5,0,32,24,18277,581,5086,12791,42,97625,38,5,5042,104,18123
2022-06-02,46,1,1,0,28,24,18278,591,5086,12795,41,97666,47,1,5043,104,18124
2022-06-03,48,4,1,0,26,21,18279,605,5089,12797,39,97711,52,1,5047,104,18125
2022-06-04,29,0,4,0,26,20,18283,587,5090,12798,39,97732,29,4,5047,104,18129
2022-06-05,35,0,3,0,26,19,18286,597,5091,12798,40,97763,35,3,5047,104,18132
2022-06-06,46,1,3,0,26,21,18289,623,5091,12798,42,97807,47,3,5048,104,18135
2022-06-07,50,6,1,0,26,21,18290,665,5091,12802,41,97859,56,1,5054,104,18136
2022-06-08,49,4,3,0,25,21,18293,659,5091,12805,39,97911,53,3,5058,104,18139
2022-06-09,63,1,7,0,31,25,18300,670,5091,12808,39,97969,64,7,5059,104,18146
2022-06-10,70,4,7,0,36,27,18307,702,5092,12810,40,98033,74,7,5063,104,18153
2022-06-11,49,2,2,0,34,25,18309,692,5093,12811,41,98079,51,2,5065,104,18155
2022-06-12,41,1,0,0,31,23,18309,704,5093,12811,42,98119,42,0,5066,104,18155
2022-06-13,62,4,5,0,35,26,18314,755,5093,12814,40,98179,66,5,5070,104,18160
2022-06-14,62,5,5,0,40,29,18319,765,5094,12816,42,98240,67,5,5075,104,18165
2022-06-15,73,5,4,0,39,28,18323,780,5096,12818,44,98313,78,4,5080,104,18169
2022-06-16,59,1,6,0,39,27,18329,786,5101,12818,49,98368,60,6,5081,104,18175
2022-06-17,83,5,4,0,33,23,18333,814,5102,12819,50,98453,88,4,5086,104,18179
2022-06-18,58,2,3,0,32,25,18336,791,5103,12820,51,98508,60,3,5088,104,18182
2022-06-19,81,3,2,0,31,24,18338,844,5105,12821,51,98588,84,2,5091,104,18184
2022-06-20,87,1,4,0,32,24,18342,903,5107,12824,51,98670,88,4,5092,104,18188
2022-06-21,77,3,8,0,35,27,18350,914,5107,12828,50,98746,80,8,5095,104,18196
2022-06-22,74,3,5,0,37,27,18355,917,5109,12834,46,98817,77,5,5098,104,18201
2022-06-23,102,0,7,0,40,29,18362,931,5109,12835,49,98913,102,7,5098,104,18208
2022-06-24,126,6,4,0,39,28,18366,974,5112,12838,48,99037,132,4,5104,104,18212
2022-06-25,86,0,6,0,41,28,18372,968,5113,12838,48,99117,86,6,5104,104,18218
2022-06-26,88,1,4,0,44,31,18376,1012,5113,12838,50,99199,89,4,5105,104,18222
2022-06-27,130,5,5,0,47,31,18381,1119,5113,12840,52,99330,135,5,5110,104,18227
2022-06-28,86,3,3,0,46,31,18384,1117,5114,12844,50,99414,89,3,5113,104,18230
2022-06-29,104,3,5,0,48,28,18389,1108,5116,12849,51,99512,107,5,5116,104,18235
2022-06-30,133,2,9,0,49,28,18398,1136,5116,12853,53,99636,135,9,5118,104,18244
2022-07-01,97,3,3,0,46,26,18401,1154,5117,12861,49,99732,100,3,5121,104,18247
2022-07-02,85,1,5,0,43,26,18406,1120,5118,12863,52,99816,86,5,5122,104,18252
2022-07-03,120,2,2,0,38,22,18408,1180,5119,12864,55,99934,122,2,5124,104,18254
2022-07-04,126,6,10,0,44,27,18418,1265,5121,12869,54,100053,132,10,5130,104,18264
2022-07-05,119,3,6,0,44,28,18424,1283,5122,12873,53,100163,122,6,5133,104,18270
2022-07-06,115,4,8,0,47,31,18432,1267,5123,12879,55,100270,119,8,5137,104,18278
2022-07-07,119,5,5,0,44,28,18437,1275,5127,12882,57,100386,124,5,5142,104,18283
2022-07-08,111,4,8,0,42,28,18445,1270,5128,12885,61,100490,115,8,5146,104,18291
2022-07-09,118,0,8,0,44,28,18453,1235,5130,12888,57,100599,118,8,5146,104,18299
2022-07-10,116,2,7,0,49,30,18460,1297,5130,12889,59,100711,118,7,5148,104,18306
2022-07-11,158,3,8,0,55,35,18468,1420,5130,12897,54,100860,161,8,5151,104,18314
2022-07-12,152,2,12,0,62,35,18480,1432,5133,12905,53,101006,154,12,5153,104,18326
2022-07-13,148,1,5,0,58,33,18485,1413,5135,12907,56,101148,149,5,5154,104,18331
2022-07-14,151,2,5,0,57,30,18490,1435,5136,12913,55,101289,153,5,5156,104,18336
2022-07-15,126,3,2,0,53,30,18492,1406,5138,12925,47,101414,129,2,5159,104,18338
2022-07-16,99,3,5,0,52,32,18497,1350,5138,12927,45,101510,102,5,5162,104,18343
2022-07-17,96,2,8,1,60,37,18506,1372,5139,12928,47,101603,98,9,5164,105,18351
2022-07-18,151,4,5,0,61,39,18511,1475,5144,12935,49,101746,155,5,5168,105,18356
2022-07-19,150,7,5,0,52,35,18516,1479,5145,12940,54,101893,157,5,5175,105,18361
2022-07-20,163,3,7,0,48,36,18523,1496,5146,12944,58,102045,166,7,5178,105,18368
2022-07-21,141,3,6,0,45,33,18529,1491,5146,12945,62,102179,144,6,5181,105,18374
2022-07-22,136,3,9,0,49,33,18538,1468,5147,12949,62,102308,139,9,5184,105,18383
2022-07-23,94,0,2,0,46,32,18540,1382,5149,12949,64,102386,94,2,5184,105,18385
2022-07-24,100,0,12,0,53,38,18552,1381,5150,12951,66,102478,100,12,5184,105,18397
2022-07-25,180,3,4,0,53,38,18556,1517,5150,12958,61,102648,183,4,5187,105,18401
2022-07-26,108,4,3,0,54,38,18559,1464,5152,12961,63,102755,112,3,5191,105,18404
2022-07-27,109,1,8,0,55,40,18567,1414,5154,12965,67,102855,110,8,5192,105,18412
2022-07-28,80,5,3,0,48,35,18570,1349,5155,12969,70,102931,85,3,5197,105,18415
2022-07-29,107,4,8,0,50,36,18578,1313,5155,12974,71,103027,111,8,5201,105,18423
2022-07-30,68,1,7,0,51,34,18585,1232,5157,12977,72,103095,69,7,5202,105,18430
2022-07-31,72,3,6,0,52,35,18591,1240,5157,12981,72,103163,75,6,5205,105,18436
2022-08-01,120,3,6,1,54,34,18598,1306,5158,12985,73,103271,123,7,5208,106,18442
2022-08-02,91,2,3,0,52,35,18601,1265,5158,12989,78,103353,93,3,5210,106,18445
2022-08-03,99,5,5,0,48,34,18606,1234,5161,12999,72,103447,104,5,5215,106,18450
2022-08-04,97,2,6,0,46,33,18612,1207,5163,13013,59,103536,99,6,5217,106,18456
2022-08-05,77,3,5,0,48,33,18617,1138,5164,13017,56,103609,80,5,5220,106,18461
2022-08-06,68,1,5,0,50,32,18622,1076,5168,13020,54,103672,69,5,5221,106,18466
2022-08-07,56,1,4,0,49,32,18626,1075,5169,13020,53,103724,57,4,5222,106,18470
2022-08-08,79,4,2,0,50,34,18628,1122,5170,13024,56,103802,83,2,5226,106,18472
2022-08-09,67,1,6,0,48,32,18634,1071,5171,13027,58,103856,68,6,5227,106,18478
2022-08-10,81,1,4,1,46,29,18639,1034,5173,13033,54,103930,82,5,5228,107,18482
2022-08-11,75,2,4,0,46,32,18643,1007,5175,13037,54,103998,77,4,5230,107,18486
2022-08-12,72,1,8,0,45,31,18651,993,5175,13043,58,104065,73,8,5231,107,18494
2022-08-13,53,1,6,0,42,30,18657,942,5176,13044,59,104113,54,6,5232,107,18500
2022-08-14,49,4,2,0,41,31,18659,954,5178,13046,58,104163,53,2,5236,107,18502
2022-08-15,84,1,8,0,46,36,18667,1014,5179,13052,54,104240,85,8,5237,107,18510
2022-08-16,71,2,2,0,44,35,18669,985,5179,13056,53,104305,73,2,5239,107,18512
2022-08-17,75,3,4,0,44,33,18674,976,5180,13057,54,104379,78,4,5242,107,18516
2022-08-18,64,2,5,0,45,33,18679,961,5182,13059,55,104440,66,5,5244,107,18521
2022-08-19,49,3,4,0,44,35,18683,911,5183,13066,54,104486,52,4,5247,107,18525
2022-08-20,45,2,3,0,40,32,18686,861,5184,13066,59,104530,47,3,5249,107,18528
2022-08-21,42,3,5,0,39,31,18691,876,5185,13067,59,104571,45,5,5252,107,18533
2022-08-22,66,0,4,1,42,31,18696,906,5187,13073,60,104629,66,5,5252,108,18537
2022-08-23,55,2,3,0,37,30,18699,888,5188,13080,57,104684,57,3,5254,108,18540
2022-08-24,53,2,2,0,34,28,18701,860,5189,13083,53,104733,55,2,5256,108,18542
2022-08-25,54,2,4,0,38,30,18705,837,5191,13087,53,104786,56,4,5258,108,18546
2022-08-26,53,2,0,1,33,27,18706,833,5192,13090,52,104833,55,1,5260,109,18546
2022-08-27,39,0,5,0,34,27,18711,779,5193,13091,53,104867,39,5,5260,109,18551
2022-08-28,37,1,3,0,34,27,18714,782,5193,13093,55,104902,38,3,5261,109,18554
2022-08-29,47,4,6,0,37,29,18720,812,5193,13100,53,104947,51,6,5265,109,18560
2022-08-30,45,2,3,0,34,27,18723,802,5195,13102,54,104991,47,3,5267,109,18563
2022-08-31,44,0,3,0,32,25,18726,781,5195,13105,55,105030,44,3,5267,109,18566
2022-09-01,51,1,3,0,31,25,18729,777,5195,13110,51,105078,52,3,5268,109,18569
2022-09-02,55,5,1,0,30,24,18730,772,5196,13111,53,105134,60,1,5273,109,18570
2022-09-03,34,1,5,0,31,25,18735,749,5196,13113,53,105163,35,5,5274,109,18575
2022-09-04,46,4,2,0,31,25,18737,775,5197,13115,55,105210,50,2,5278,109,18577
2022-09-05,62,3,3,0,29,23,18740,813,5198,13118,56,105268,65,3,5281,109,18580
2022-09-06,42,1,3,0,26,20,18743,789,5198,13123,54,105308,43,3,5282,109,18583
2022-09-07,57,3,4,0,28,21,18747,794,5199,13129,50,105364,60,4,5285,109,18587
2022-09-08,49,3,3,0,27,23,18750,778,5200,13131,48,105413,52,3,5288,109,18590
2022-09-09,67,1,1,0,27,23,18751,787,5200,13134,50,105478,68,1,5289,109,18591
2022-09-10,48,0,4,0,26,22,18755,787,5200,13135,50,105521,48,4,5289,109,18595
2022-09-11,44,1,5,0,31,24,18760,801,5200,13137,50,105562,45,5,5290,109,18600
2022-09-12,70,5,2,0,30,23,18762,851,5200,13141,48,105629,75,2,5295,109,18602
2022-09-13,68,0,3,0,32,25,18765,855,5200,13146,46,105694,68,3,5295,109,18605
2022-09-14,46,0,6,0,35,27,18771,824,5200,13149,48,105734,46,6,5295,109,18611
2022-09-15,55,3,1,0,31,24,18772,813,5200,13154,46,105787,58,1,5298,109,18612
2022-09-16,49,5,3,0,31,26,18775,797,5202,13157,46,105835,54,3,5303,109,18615
2022-09-17,55,3,4,0,29,26,18779,805,5203,13158,46,105890,58,4,5306,109,18619
2022-09-18,38,0,5,0,32,26,18784,806,5203,13160,46,105927,38,5,5306,109,18624
2022-09-19,68,1,6,0,37,29,18790,854,5205,13164,45,105993,69,6,5307,109,18630
2022-09-20,81,2,1,0,34,29,18791,879,5206,13166,48,106069,83,1,5309,109,18631
2022-09-21,72,1,5,1,32,27,18797,881,5207,13170,45,106137,73,6,5310,110,18636
2022-09-22,74,2,4,0,34,27,18801,905,5208,13172,45,106211,76,4,5312,110,18640
2022-09-23,93,4,3,0,34,26,18804,950,5209,13175,43,106303,97,3,5316,110,18643
2022-09-24,64,0,3,0,34,26,18807,929,5209,13176,43,106365,64,3,5316,110,18646
2022-09-25,87,0,10,0,41,28,18817,991,5209,13177,46,106445,87,10,5316,110,18656
2022-09-26,122,3,8,0,45,32,18825,1082,5209,13180,46,106562,125,8,5319,110,18664
2022-09-27,122,1,6,1,49,34,18832,1128,5210,13185,48,106679,123,7,5320,111,18670
2022-09-28,119,6,3,0,44,32,18836,1170,5211,13190,48,106796,125,3,5326,111,18673
2022-09-29,123,3,8,1,45,33,18845,1199,5212,13193,48,106913,126,9,5329,112,18681
2022-09-30,142,3,2,0,43,31,18847,1233,5214,13198,46,107052,145,2,5332,112,18683
2022-10-01,91,0,6,0,43,31,18853,1230,5215,13200,47,107136,91,6,5332,112,18689
2022-10-02,102,2,12,0,52,32,18865,1272,5216,13202,50,107234,104,12,5334,112,18701
2022-10-03,155,2,5,0,53,33,18870,1384,5217,13206,54,107381,157,5,5336,112,18706
2022-10-04,145,1,5,0,49,35,18875,1407,5217,13211,57,107521,146,5,5337,112,18711
2022-10-05,141,0,11,0,52,36,18886,1417,5219,13216,56,107653,141,11,5337,112,18722
2022-10-06,135,4,7,0,53,37,18893,1421,5222,13220,54,107784,139,7,5341,112,18729
2022-10-07,167,2,11,0,59,43,18904,1460,5223,13226,58,107943,169,11,5343,112,18740
2022-10-08,117,0,4,0,52,38,18908,1440,5223,13228,59,108056,117,4,5343,112,18744
2022-10-09,101,2,4,0,53,39,18912,1480,5225,13230,61,108155,103,4,5345,112,18748
2022-10-10,164,5,9,0,56,37,18921,1589,5226,13234,65,108311,169,9,5350,112,18757
2022-10-11,139,2,9,1,57,35,18931,1588,5228,13240,67,108443,141,10,5352,113,18766
2022-10-12,135,1,7,0,54,37,18938,1573,5233,13247,63,108572,136,7,5353,113,18773
2022-10-13,149,3,4,0,48,34,18942,1567,5236,13255,61,108717,152,4,5356,113,18777
2022-10-14,127,4,9,0,47,36,18951,1537,5239,13264,55,108844,131,9,5360,113,18786
2022-10-15,106,1,7,1,50,36,18959,1481,5239,13267,55,108944,107,8,5361,114,18793
2022-10-16,106,0,10,0,57,37,18969,1507,5243,13267,56,109042,106,10,5361,114,18803
2022-10-17,165,4,10,1,63,39,18980,1628,5244,13273,59,109203,169,11,5365,115,18813
2022-10-18,142,1,11,0,63,40,18991,1615,5246,13279,62,109332,143,11,5366,115,18824
2022-10-19,131,0,8,0,62,42,18999,1573,5249,13282,63,109456,131,8,5366,115,18832
2022-10-20,138,1,7,0,62,44,19006,1551,5249,13287,70,109580,139,7,5367,115,18839
2022-10-21,139,1,6,0,55,40,19012,1518,5255,13297,62,109712,140,6,5368,115,18845
2022-10-22,90,1,4,0,51,38,19016,1449,5259,13298,61,109794,91,4,5369,115,18849
2022-10-23,102,2,9,0,55,39,19025,1470,5261,13299,61,109890,104,9,5371,115,18858
2022-10-24,138,2,10,0,62,39,19035,1548,5264,13305,63,110016,140,10,5373,115,18868
2022-10-25,123,2,9,0,59,40,19045,1488,5268,13311,63,110132,125,9,5375,115,18877
2022-10-26,105,0,9,0,59,40,19054,1420,5271,13317,62,110226,105,9,5375,115,18886
2022-10-27,94,4,5,0,55,36,19059,1388,5275,13324,60,110319,98,5,5379,115,18891
2022-10-28,100,2,6,0,49,32,19065,1344,5276,13327,67,110408,102,6,5381,115,18897
2022-10-29,71,0,6,0,46,29,19071,1264,5277,13327,72,110470,71,6,5381,115,18903
2022-10-30,85,4,11,0,51,33,19082,1285,5279,13331,71,110549,89,11,5385,115,18914
2022-10-31,108,1,9,0,58,39,19091,1356,5280,13337,73,110643,109,9,5386,115,18923
2022-11-01,72,6,3,0,52,35,19094,1321,5281,13341,72,110710,78,3,5392,115,18926
2022-11-02,94,1,4,0,48,33,19098,1296,5283,13347,73,110797,95,4,5393,115,18930
2022-11-03,80,2,6,0,45,32,19104,1257,5283,13356,68,110871,82,6,5395,115,18936
2022-11-04,81,5,4,0,45,32,19108,1209,5284,13362,70,110948,86,4,5400,115,18940
2022-11-05,41,2,6,0,43,32,19115,1121,5287,13364,72,110985,43,6,5402,115,18946
2022-11-06,77,0,4,0,41,30,19119,1138,5291,13365,72,111054,77,4,5402,115,18950
2022-11-07,78,2,1,1,38,29,19121,1179,5291,13368,70,111124,80,2,5404,116,18951
2022-11-08,63,4,7,0,45,33,19128,1138,5294,13374,66,111176,67,7,5408,116,18958
2022-11-09,69,2,2,0,41,32,19130,1093,5295,13375,64,111241,71,2,5410,116,18960
2022-11-10,80,0,5,0,45,31,19135,1067,5295,13381,61,111309,80,5,5410,116,18965
2022-11-11,71,1,4,0,46,32,19139,1032,5296,13388,58,111374,72,4,5411,116,18969
2022-11-12,51,2,3,0,43,33,19142,982,5297,13388,62,111421,53,3,5413,116,18972
2022-11-13,42,1,3,0,41,34,19145,982,5298,13389,61,111462,43,3,5414,116,18975
2022-11-14,69,3,1,0,43,35,19146,1020,5300,13394,59,111531,72,1,5417,116,18976
2022-11-15,54,4,3,0,40,31,19149,1010,5300,13397,62,111583,58,3,5421,116,18979
2022-11-16,69,2,3,0,37,31,19152,1015,5301,13398,66,111646,71,3,5423,116,18982
2022-11-17,68,2,3,0,33,29,19155,1017,5301,13404,60,111704,70,3,5425,116,18985
2022-11-18,59,2,2,0,34,28,19157,1003,5301,13404,62,111757,61,2,5427,116,18987
2022-11-19,44,0,3,0,34,29,19160,955,5301,13405,63,111798,44,3,5427,116,18990
2022-11-20,30,2,4,0,38,30,19164,948,5301,13409,60,111825,32,4,5429,116,18994
2022-11-21,71,4,6,0,44,32,19170,1000,5302,13414,60,111896,75,6,5433,116,19000
2022-11-22,76,4,5,0,43,30,19175,998,5305,13418,59,111969,80,5,5437,116,19005
2022-11-23,78,2,3,0,39,31,19178,991,5306,13419,63,112043,80,3,5439,116,19008
2022-11-24,62,1,5,1,39,31,19184,975,5307,13424,62,112098,63,6,5440,117,19013
2022-11-25,68,1,10,0,44,34,19194,966,5310,13431,58,112162,69,10,5441,117,19023
2022-11-26,48,0,4,0,41,29,19198,927,5313,13431,61,112205,48,4,5441,117,19027
2022-11-27,55,1,0,0,35,28,19198,949,5314,13432,64,112259,56,0,5442,117,19027
2022-11-28,74,3,4,0,35,27,19202,999,5314,13437,63,112324,77,4,5445,117,19031
2022-11-29,82,3,5,1,38,28,19208,1014,5314,13442,62,112400,85,6,5448,118,19036
2022-11-30,81,1,5,0,39,32,19213,1023,5315,13444,61,112477,82,5,5449,118,19041
2022-12-01,73,2,4,0,40,31,19217,1027,5317,13448,61,112546,75,4,5451,118,19045
2022-12-02,71,1,4,0,38,29,19221,1019,5317,13452,59,112610,72,4,5452,118,19049
2022-12-03,55,1,2,0,38,29,19223,985,5318,13454,62,112662,56,2,5453,118,19051
2022-12-04,55,4,5,0,38,31,19228,1003,5318,13455,62,112715,59,5,5457,118,19056
2022-12-05,89,4,8,0,45,33,19236,1062,5319,13462,57,112801,93,8,5461,118,19064
2022-12-06,103,0,6,0,49,36,19242,1083,5319,13464,64,112898,103,6,5461,118,19070
2022-12-07,79,5,4,0,43,34,19246,1076,5320,13466,67,112978,84,4,5466,118,19074
2022-12-08,100,4,4,0,41,32,19250,1107,5321,13468,70,113071,104,4,5470,118,19078
2022-12-09,107,3,6,0,42,36,19256,1132,5325,13474,65,113175,110,6,5473,118,19084
2022-12-10,67,0,2,0,39,34,19258,1109,5327,13476,63,113235,67,2,5473,118,19086
2022-12-11,67,2,2,0,39,32,19260,1132,5328,13476,66,113298,69,2,5475,118,19088
2022-12-12,94,3,8,0,44,35,19268,1189,5330,13480,69,113387,97,8,5478,118,19096
2022-12-13,89,1,7,0,41,36,19275,1200,5331,13482,74,113467,90,7,5479,118,19103
2022-12-14,123,0,8,0,42,36,19283,1213,5337,13486,71,113579,123,8,5479,118,19111
2022-12-15,114,4,3,0,37,33,19286,1232,5338,13489,74,113682,118,3,5483,118,19114
2022-12-16,97,5,8,0,38,31,19294,1244,5339,13496,68,113774,102,8,5488,118,19122
2022-12-17,68,3,2,0,37,29,19296,1207,5340,13497,68,113838,71,2,5491,118,19124
2022-12-18,77,2,10,0,45,34,19306,1239,5340,13498,68,113904,79,10,5493,118,19134
2022-12-19,117,5,5,0,49,34,19311,1328,5342,13501,76,114017,122,5,5498,118,19139
2022-12-20,133,2,8,0,46,28,19319,1350,5343,13505,75,114141,135,8,5500,118,19147
2022-12-21,127,3,16,0,55,36,19335,1365,5344,13513,71,114250,130,16,5503,118,19163
2022-12-22,116,2,7,0,57,35,19342,1363,5345,13515,73,114354,118,7,5505,118,19170
2022-12-23,121,0,6,0,57,35,19348,1395,5348,13526,70,114463,121,6,5505,118,19176
2022-12-24,91,2,9,0,54,34,19357,1336,5349,13527,74,114547,93,9,5507,118,19185
2022-12-25,90,1,7,0,55,38,19364,1335,5350,13528,77,114630,91,7,5508,118,19192
2022-12-26,113,3,9,0,59,39,19373,1402,5353,13529,79,114741,116,9,5511,118,19201
2022-12-27,138,7,10,0,63,38,19383,1498,5353,13532,85,114874,145,10,5518,118,19211
2022-12-28,126,2,15,0,70,41,19398,1511,5353,13538,87,114992,128,15,5520,118,19226
2022-12-29,135,3,5,0,68,41,19403,1488,5355,13544,91,115123,138,5,5523,118,19231
2022-12-30,130,3,10,0,65,41,19413,1472,5355,13552,92,115249,133,10,5526,118,19241
2022-12-31,84,1,6,0,62,39,19419,1396,5358,13556,92,115320,85,6,5527,118,19247
2023-01-01,104,3,8,0,63,40,19427,1411,5359,13559,93,115421,107,8,5530,118,19255
2023-01-02,136,1,8,0,66,43,19435,1492,5360,13564,92,115540,137,8,5531,118,19263
2023-01-03,115,0,6,0,67,43,19441,1493,5363,13568,95,115641,115,6,5531,118,19269
2023-01-04,99,1,9,0,66,42,19450,1447,5367,13573,95,115735,100,9,5532,118,19278
2023-01-05,98,2,13,0,70,42,19463,1419,5371,13578,92,115824,100,13,5534,118,19291
2023-01-06,92,2,12,1,76,45,19476,1363,5375,13585,96,115908,94,13,5536,119,19303
2023-01-07,74,1,2,0,63,43,19478,1288,5378,13587,95,115976,75,2,5537,119,19305
2023-01-08,84,3,8,0,67,44,19486,1322,5381,13590,97,116057,87,8,5540,119,19313
2023-01-09,112,0,4,0,64,43,19490,1385,5384,13598,96,116153,112,4,5540,119,19317
2023-01-10,83,1,5,0,58,41,19495,1352,5387,13606,88,116224,84,5,5541,119,19322
2023-01-11,75,1,4,0,58,40,19499,1287,5388,13610,92,116289,76,4,5542,119,19326
2023-01-12,81,2,6,0,55,39,19505,1263,5389,13611,94,116360,83,6,5544,119,19332
2023-01-13,63,0,7,0,58,39,19512,1208,5389,13616,94,116416,63,7,5544,119,19339
2023-01-14,50,0,4,0,57,40,19516,1147,5391,13617,98,116455,50,4,5544,119,19343
2023-01-15,51,2,1,0,51,37,19517,1145,5391,13617,101,116504,53,1,5546,119,19344
2023-01-16,79,2,5,0,53,37,19522,1184,5392,13622,100,116571,81,5,5548,119,19349
2023-01-17,64,2,6,1,55,36,19529,1153,5395,13629,98,116631,66,7,5550,120,19355
2023-01-18,61,2,3,0,50,35,19532,1129,5396,13634,97,116688,63,3,5552,120,19358
2023-01-19,57,4,2,0,47,32,19534,1103,5397,13644,93,116743,61,2,5556,120,19360
2023-01-20,52,0,4,0,44,30,19538,1065,5398,13649,91,116790,52,4,5556,120,19364
2023-01-21,41,0,0,0,40,29,19538,1009,5400,13649,94,116830,41,0,5556,120,19364
2023-01-22,37,1,1,0,36,28,19539,1018,5401,13649,94,116863,38,1,5557,120,19365
2023-01-23,63,0,7,0,42,34,19546,1056,5402,13654,92,116916,63,7,5557,120,19372
2023-01-24,39,1,3,0,41,33,19549,1007,5403,13658,93,116948,40,3,5558,120,19375
2023-01-25,41,0,2,1,36,28,19552,966,5404,13664,94,116984,41,3,5558,121,19377
2023-01-26,46,2,2,0,30,24,19554,970,5404,13667,96,117029,48,2,5560,121,19379
2023-01-27,56,2,3,0,29,23,19557,962,5404,13669,95,117078,58,3,5562,121,19382
2023-01-28,28,1,2,0,30,25,19559,914,5405,13670,96,117106,29,2,5563,121,19384
2023-01-29,43,0,3,1,31,27,19563,929,5405,13670,97,117145,43,4,5563,122,19387
2023-01-30,75,1,3,0,33,27,19566,985,5406,13673,99,117211,76,3,5564,122,19390
2023-01-31,49,1,4,1,32,24,19571,974,5406,13675,99,117257,50,5,5565,123,19394
2023-02-01,61,5,1,0,31,24,19572,980,5408,13677,101,117318,66,1,5570,123,19395
2023-02-02,51,1,5,0,30,25,19577,968,5408,13679,103,117364,52,5,5571,123,19400
2023-02-03,55,0,4,0,30,25,19581,964,5408,13682,103,117412,55,4,5571,123,19404
2023-02-04,42,1,2,0,29,25,19583,945,5409,13682,105,117453,43,2,5572,123,19406
2023-02-05,46,0,2,0,28,24,19585,967,5411,13683,105,117494,46,2,5572,123,19408
2023-02-06,66,3,6,0,31,25,19591,1021,5413,13686,106,117556,69,6,5575,123,19414
2023-02-07,60,0,4,0,29,22,19595,1018,5413,13690,103,117611,60,4,5575,123,19418
2023-02-08,60,0,7,0,35,25,19602,1009,5414,13696,98,117669,60,7,5575,123,19425
2023-02-09,71,1,4,0,37,27,19606,1028,5414,13700,101,117736,72,4,5576,123,19429
2023-02-10,69,2,2,0,32,24,19608,1042,5414,13706,99,117799,71,2,5578,123,19431
2023-02-11,65,1,2,0,30,21,19610,1035,5415,13707,99,117862,66,2,5579,123,19433
2023-02-12,57,0,0,0,28,21,19610,1058,5417,13708,101,117912,57,0,5579,123,19433
2023-02-13,98,2,3,0,26,21,19613,1130,5417,13710,99,118000,100,3,5581,123,19436
2023-02-14,74,1,2,0,28,23,19615,1124,5418,13713,97,118066,75,2,5582,123,19438
2023-02-15,74,0,9,0,34,27,19624,1124,5419,13714,96,118129,74,9,5582,123,19447
2023-02-16,79,0,4,0,36,28,19628,1137,5421,13718,92,118201,79,4,5582,123,19451
2023-02-17,88,2,1,0,34,26,19629,1150,5421,13721,92,118283,90,1,5584,123,19452
2023-02-18,74,2,2,0,33,26,19631,1137,5423,13721,95,118357,76,2,5586,123,19454
2023-02-19,75,3,8,1,37,27,19640,1174,5423,13721,96,118426,78,9,5589,124,19462
2023-02-20,117,3,7,0,44,28,19647,1267,5425,13723,98,118539,120,7,5592,124,19469
2023-02-21,90,3,8,0,46,29,19655,1264,5429,13727,100,118618,93,8,5595,124,19477
2023-02-22,104,1,8,1,45,32,19664,1279,5430,13734,97,118713,105,9,5596,125,19485
2023-02-23,99,1,4,0,44,32,19668,1303,5435,13736,99,118804,100,4,5597,125,19489
2023-02-24,95,1,5,0,39,32,19673,1314,5436,13738,97,118890,96,5,5598,125,19494
2023-02-25,89,0,6,0,42,34,19679,1301,5439,13742,97,118970,89,6,5598,125,19500
2023-02-26,84,1,8,0,43,34,19687,1338,5441,13744,97,119052,85,8,5599,125,19508
2023-02-27,154,5,15,0,54,38,19702,1456,5442,13745,98,119199,159,15,5604,125,19523
2023-02-28,133,2,12,0,64,40,19714,1488,5445,13749,110,119323,135,12,5606,125,19535
2023-03-01,126,4,14,1,63,41,19729,1476,5446,13756,108,119438,130,15,5610,126,19549
2023-03-02,137,2,8,0,65,44,19737,1491,5448,13761,109,119571,139,8,5612,126,19557
2023-03-03,134,5,9,0,66,42,19746,1495,5448,13766,112,119702,139,9,5617,126,19566
2023-03-04,100,0,2,0,59,37,19748,1465,5450,13768,116,119792,100,2,5617,126,19568
2023-03-05,96,1,7,0,59,36,19755,1494,5452,13769,117,119885,97,7,5618,126,19575
2023-03-06,168,5,11,0,67,40,19766,1619,5453,13776,110,120047,173,11,5623,126,19586
2023-03-07,143,6,14,0,77,43,19780,1601,5456,13783,114,120179,149,14,5629,126,19600
2023-03-08,118,4,3,0,65,39,19783,1569,5457,13788,117,120286,122,3,5633,126,19603
2023-03-09,117,2,4,1,62,39,19788,1523,5460,13792,118,120397,119,5,5635,127,19607
2023-03-10,108,3,12,0,66,42,19800,1490,5462,13800,115,120499,111,12,5638,127,19619
2023-03-11,76,2,9,0,68,44,19809,1418,5465,13801,117,120573,78,9,5640,127,19628
2023-03-12,79,0,9,0,70,45,19818,1437,5467,13801,123,120648,79,9,5640,127,19637
2023-03-13,69,4,6,0,69,46,19824,1458,5468,13804,123,120710,73,6,5644,127,19643
2023-03-14,4,2,3,0,68,46,19827,1367,5469,13804,123,120713,6,3,5646,127,19646
